0 0.4901820239096864 0.9598486938612854 0.01954713949555682 0.029646662952174024
0 0.43413446562143093 0.7056572562689463 0.024649141718210168 0.05023256686505209
0 0.4396513139012812 0.5642968565934964 0.02890083888996647 0.05229995225941143
0 0.37931001596122216 0.05741342048695441 0.036979080708030666 0.04717546378887089
0 0.4236338429326237 0.1358675240030616 0.024351534950396214 0.04375108538357056
0 0.4248082515703686 0.20123959770568642 0.024223989192761763 0.04097330760579278
0 0.41998826747519813 0.008869830015168983 0.02192807959670411 0.017739660030337966
0 0.511100903499925 0.6877540551508546 0.013265274545807178 0.01731326729418933
0 0.5404162016332267 0.780442335377291 0.01291450222265335 0.02099002930507957
0 0.5311579681501122 0.8630603221420715 0.011266971717563478 0.019057352374787333
0 0.5240683134020104 0.8337270511333897 0.012563729899499283 0.024666791315969813
0 0.4703593089003114 0.5167661966129163 0.020588806162223486 0.029700546337800948
0 0.4576417943000512 0.31370057687546293 0.016942972828890155 0.029511954488106926
0 0.4678403876353242 0.4050574140747751 0.013435335555986564 0.021016970997892927
0 0.4788362923834259 0.43418862238735606 0.012957017475198047 0.021915955231005497
0 0.48374160783891185 0.47848488752132656 0.011266971717563478 0.019057352374787333
0 0.4506635379381194 0.394808437133694 0.014647063232832618 0.024774558087223557