0 0.04179604971951735 0.6197239448358198 0.0835920994390347 0.12963024696989284
0 0.12125292751518571 0.6484593524759877 0.0683643365159232 0.10158851209884026
0 0.1928923593286994 0.5311031652391337 0.0374216822968112 0.05962018018271667
0 0.793726463474788 0.7618213926759387 0.04382177759440158 0.0754201765974579
0 0.8510614816628225 0.7663187350887993 0.03873961369385815 0.06611243542310721
0 0.9078006188687283 0.7786891413117577 0.03922098063713738 0.06519189637663582
0 0.8387555435587006 0.6947183887734505 0.025213487552445457 0.04190907624212312
0 0.7668491549697332 0.6778772658647729 0.024534788658894514 0.03819998565896488
0 0.7211067173489086 0.6640048462843795 0.027138955325561178 0.03822692005623796
0 0.5270771825641347 0.6053902451303382 0.02873315145298889 0.05120065677810999
0 0.455995395496535 0.5936309410553442 0.03289981811965544 0.051243751813746664
0 0.12334137613367221 0.5322852766092844 0.03862121452369524 0.06333465764532943
0 0.17069447302255764 0.4656209947122133 0.02953801977932938 0.04565587498146349
0 0.2378738952214708 0.483436525461908 0.031739752282825745 0.04845520027705961
0 0.20849854874905202 0.4397782567477018 0.028062222822064994 0.03545991603736925
0 0.28662324121059213 0.46951231318643266 0.02533188672260837 0.0446868540199009
0 0.32559096036676966 0.47743893712094454 0.019610490318568572 0.03259594818831812
0 0.47867260884540186 0.4707652954084303 0.015688392254854952 0.026076758550654392
0 0.5650905531733011 0.5624232644156519 0.018087456708623034 0.03350571347588003
0 0.5952002205314986 0.5644256402221005 0.01348665975135835 0.023277433255058173
0 0.6330353773085006 0.5867095028879189 0.012886893637916567 0.02142019452375179
0 0.671083714099488 0.5978849478823535 0.016966857261847677 0.031643087865119116
0 0.6868031874048505 0.6199347899620289 0.01961049031856845 0.03259594818831791
0 0.6156977820109101 0.6026226237712066 0.02200955477233677 0.040024903113543654
0 0.43710522323079093 0.40779725423614444 0.01244499308469192 0.023266659496149106
0 0.39268040946855365 0.4179746677722794 0.01280796085780788 0.019568342671899934