0 0.9479166666666666 0.638425925925926 0.03333333333333333 0.05277777777777778
0 0.8893229166666666 0.6513888888888889 0.03697916666666667 0.05277777777777778
0 0.8348958333333333 0.6606481481481481 0.030208333333333334 0.049074074074074076
0 0.7841145833333333 0.6689814814814815 0.025520833333333333 0.049074074074074076
0 0.8151041666666666 0.5962962962962963 0.025 0.03888888888888889
0 0.7502604166666667 0.6046296296296296 0.0234375 0.03518518518518519
0 0.7078125 0.6092592592592593 0.020833333333333332 0.03888888888888889
0 0.6052083333333333 0.5824074074074074 0.01875 0.03148148148148148
0 0.5291666666666667 0.6106481481481482 0.020833333333333332 0.041666666666666664
0 0.17213541666666668 0.6611111111111111 0.024479166666666666 0.044444444444444446
0 0.22421875 0.6486111111111111 0.0296875 0.04537037037037037
0 0.190625 0.7560185185185185 0.04791666666666667 0.0824074074074074
0 0.11302083333333333 0.7731481481481481 0.059375 0.07777777777777778
0 0.032552083333333336 0.7953703703703704 0.06510416666666667 0.08888888888888889
0 0.22734375 0.5578703703703703 0.024479166666666666 0.032407407407407406
0 0.20286458333333332 0.5935185185185186 0.0234375 0.037037037037037035
0 0.26510416666666664 0.5902777777777778 0.023958333333333335 0.03611111111111111
0 0.29322916666666665 0.5587962962962963 0.019791666666666666 0.03611111111111111
0 0.3338541666666667 0.5611111111111111 0.022916666666666665 0.025925925925925925
0 0.5557291666666667 0.5638888888888889 0.014583333333333334 0.02962962962962963
0 0.5833333333333334 0.5601851851851852 0.015625 0.027777777777777776
0 0.6510416666666666 0.5634259259259259 0.014583333333333334 0.026851851851851852
0 0.6674479166666667 0.575925925925926 0.016145833333333335 0.02962962962962963
0 0.46927083333333336 0.5120370370370371 0.013541666666666667 0.020370370370370372
0 0.3854166666666667 0.5916666666666667 0.016666666666666666 0.025925925925925925