0 0.4440104166666667 0.014745123408348049 0.0234375 0.029490246816696097
0 0.46484375 0.07826935397881903 0.018229166666666668 0.030572588878100056
0 0.471875 0.14086860408880053 0.0203125 0.032532207501205654
0 0.44453125 0.38117193185039505 0.0234375 0.0428790428432715
0 0.4596354166666667 0.4989091412773239 0.027604166666666666 0.04587235416355666
0 0.45651041666666664 0.9407374581008711 0.030208333333333334 0.056192247812809154
0 0.48411458333333335 0.6295873261595365 0.019270833333333334 0.030626472263726875
0 0.49192708333333335 0.5296461637302979 0.016145833333333335 0.025835192477216686
0 0.5122395833333333 0.3730398821550181 0.013020833333333334 0.02289576454255824
0 0.5127604166666667 0.2206981256473899 0.0109375 0.01815836814167487
0 0.5096354166666667 0.25373014617464096 0.011979166666666667 0.021915955231005497
0 0.5296875 0.283248446556879 0.011458333333333333 0.020037161686340184
0 0.5 0.7074693082324303 0.0171875 0.02774092771469546
0 0.4822916666666667 0.8130149554177168 0.0171875 0.029592779566547312
0 0.4861979166666667 0.8609610408697643 0.017708333333333333 0.03517527681491612
0 0.49661458333333336 0.9706073921986806 0.018229166666666668 0.008350366655877729
0 0.50546875 0.5849641982356669 0.013541666666666667 0.02477455808722345