0 0.18671875 0.6939814814814815 0.043229166666666666 0.075
0 0.09140625 0.7046296296296296 0.05572916666666667 0.08703703703703704
0 0.14401041666666667 0.6097222222222223 0.027604166666666666 0.04722222222222222
0 0.20390625 0.5898148148148148 0.03177083333333333 0.04814814814814815
0 0.17734375 0.5435185185185185 0.0203125 0.02962962962962963
0 0.20885416666666667 0.5078703703703704 0.019791666666666666 0.03796296296296296
0 0.24010416666666667 0.5407407407407407 0.021875 0.03148148148148148
0 0.2833333333333333 0.5152777777777777 0.020833333333333332 0.03796296296296296
0 0.31927083333333334 0.5125 0.013541666666666667 0.026851851851851852
0 0.4434895833333333 0.5842592592592593 0.0234375 0.03333333333333333
0 0.5122395833333333 0.5680555555555555 0.024479166666666666 0.03981481481481482
0 0.759375 0.6328703703703704 0.021875 0.05277777777777778
0 0.80234375 0.6222222222222222 0.028645833333333332 0.044444444444444446
0 0.85703125 0.6212962962962963 0.027604166666666666 0.04814814814814815
0 0.9104166666666667 0.6092592592592593 0.028125 0.04814814814814815
0 0.7205729166666667 0.5689814814814815 0.0203125 0.03425925925925926
0 0.6888020833333334 0.5708333333333333 0.019270833333333334 0.03425925925925926
0 0.7869791666666667 0.5671296296296297 0.016666666666666666 0.030555555555555555
0 0.4515625 0.4652777777777778 0.008333333333333333 0.019444444444444445
0 0.40598958333333335 0.425 0.009895833333333333 0.018518518518518517
0 0.3658854166666667 0.4439814814814815 0.008854166666666666 0.01574074074074074
0 0.3802083333333333 0.4532407407407407 0.011458333333333333 0.017592592592592594
0 0.5348958333333333 0.5180555555555556 0.013541666666666667 0.028703703703703703
0 0.6338541666666667 0.5263888888888889 0.013541666666666667 0.023148148148148147
0 0.5893229166666667 0.5162037037037037 0.009895833333333333 0.019444444444444445
0 0.575 0.5009259259259259 0.010416666666666666 0.018518518518518517
0 0.5533854166666666 0.49583333333333335 0.008854166666666666 0.01574074074074074
0 0.59453125 0.5416666666666666 0.011979166666666667 0.020370370370370372