0 0.5703872463680788 0.0562798191998051 0.026675329869479944 0.043109750524551904
0 0.5401792770129316 0.2544276429968693 0.022362982344597528 0.0393198538321883
0 0.5473182456958081 0.4042340331234685 0.028795083417367095 0.04407877294480782
0 0.5299752064425717 0.9848931133507579 0.03132640965492601 0.030213773298484098
0 0.4738344670862335 0.9815766293938557 0.02321159760891618 0.0368467412122885
0 0.4992586533923307 0.9170835434377315 0.025852184490136664 0.048643757832942607
0 0.48377195314678606 0.8602357417544454 0.025039989440372067 0.04122557630195245
0 0.4905135047172019 0.7816074569158191 0.019008510727695573 0.046651842374518325
0 0.522105078247212 0.34950172496872134 0.020436280199058507 0.030028272202181624
0 0.5237148274652824 0.2953242841784722 0.01950387417605365 0.032784501732794416
0 0.5343552479319379 0.16395593099460679 0.018873780199058623 0.02999594983143415
0 0.5444477018934376 0.13265760961402756 0.020581961057274136 0.03373197590588533
0 0.47886710984206177 0.5144828899968968 0.014077019555396812 0.027121204941413957
0 0.5162854676744704 0.6829858960322095 0.018535047938494743 0.03461480533748129