0 0.584447668664298 0.01286074897744542 0.032394205487638314 0.02572149795489084
0 0.5436791862657614 0.056822326669589474 0.02047184494190309 0.04193710043629135
0 0.5463195073875177 0.12597576470160268 0.01934829112010661 0.03909465456686221
0 0.5230019039277963 0.31735290003745403 0.016361984396167747 0.025970021374770783
0 0.5329848013725862 0.46368593599946967 0.022445995401730083 0.03836273291589039
0 0.5407980489605564 0.5778055688290321 0.026721844941903092 0.04232510898619963
0 0.48709543758602414 0.89168124085824 0.019320995401730084 0.03816872864093634
0 0.4873196997976013 0.8223499655741854 0.01603222109147057 0.03241916881042673
0 0.45071270710940475 0.7326615564043957 0.012470489597445204 0.017410349720657654
0 0.44013594791286476 0.659379666453051 0.009920914367531708 0.019100531343380883
0 0.4694427749518006 0.5734552038337686 0.013594043419241567 0.02025279559008671
0 0.5082942727655604 0.41946930495742096 0.016307392959414576 0.02411816952291893
0 0.5236186320295666 0.20825531100732322 0.01633468867779122 0.025044095448844856
0 0.514754139529979 0.23560834056947327 0.014305946781211058 0.026766611117393938