0 0.8784239288505954 0.7790767652544178 0.05778062492296362 0.0964282213423703
0 0.9790040663321403 0.810800109320368 0.04199186733571925 0.09962003288261843
0 0.9284605945495975 0.7044157071817269 0.03111761546578696 0.05711817373873508
0 0.8657284833945184 0.6711035822979282 0.03218959153686877 0.05902390897621385
0 0.893042706826414 0.6230213966728169 0.025161128266006947 0.04293292622889832
0 0.8589819477871177 0.5768526838883122 0.026172485528258467 0.04113495776267339
0 0.8251600944176936 0.6088708284589215 0.02519143767042209 0.044784778080750175
0 0.780558644364932 0.5704831443050746 0.017212235946138795 0.03419546750336348
0 0.7418654306761898 0.5592301997776208 0.018850509457176656 0.0389059222114335
0 0.6004859205151561 0.6171394245709225 0.025161128266006947 0.04293292622889832
0 0.5274659576621747 0.5911588362012253 0.02529752058587486 0.05126625956223165
0 0.2620806461683575 0.6079606575755194 0.03215928213245363 0.057172057124362005
0 0.21317056367078505 0.5924786463344998 0.031087306061371816 0.05526632188688323
0 0.15463264185764963 0.5769611767393944 0.03431838897682476 0.061909453525245475
0 0.09648673840908331 0.5536002784667321 0.03329187701236567 0.06278149606554448
0 0.44635313281835337 0.5476444928096968 0.017242545350553938 0.03604731935521533
0 0.505394729369787 0.5303454754200587 0.015068283803975173 0.03038399702840593
0 0.5973301728905348 0.4879188745186289 0.01343001029293731 0.025673542320336123
0 0.689090554499585 0.48248889811501605 0.010214082079691877 0.019956336607899798
0 0.6694277028016825 0.4893354841584756 0.013399700888522166 0.023821690468484272
0 0.6495658360822544 0.45222753041326724 0.011286058150773689 0.021862071845378573
0 0.39748372380543795 0.518750026489158 0.016140259875056982 0.032289732265884705
0 0.3361562093336964 0.5553587798591734 0.01718192654172365 0.03234361565151142
0 0.3069137691559919 0.5492204154319911 0.02030692654172365 0.03250526580839219
0 0.2306447819562118 0.5313980393923399 0.02038270005276151 0.03713489543802182
0 0.47064843916570187 0.5058821385091865 0.014471676959604215 0.025727425705963047