0 0.4167681632585641 0.9961150640548753 0.027876886669848253 0.007769871890249541
0 0.42009717177222755 0.10750918236324732 0.017968932447484674 0.041281088380206894
0 0.4238807533020469 0.4450421648709317 0.02526059911415146 0.041884848083603606
0 0.42021922151497154 0.5665642328181422 0.023740522225757368 0.048236952485785876
0 0.44788519837420016 0.9574914489438545 0.0226988555590907 0.048150701099586544
0 0.4670316101474883 0.9984330700589878 0.016412492891999857 0.0031338598820243365
0 0.4619420028246545 0.8799090132607449 0.022105296891575678 0.03699646429537535
0 0.4634230517186694 0.8128656350173148 0.01580075289093929 0.028145622644844766
0 0.48775198440485035 0.5591860471115991 0.01211855689051499 0.02228818723759092
0 0.45158509975069816 0.3922136711660769 0.016309465335242378 0.02633689648609279
0 0.455046454421289 0.34108353643578665 0.011052648445787839 0.018498232147687674
0 0.44871803353756146 0.272930309832897 0.010023102668151533 0.020263832613339985
0 0.44758885532039455 0.206597229049894 0.015776511112878686 0.02444191894114117
0 0.438416880211652 0.17480244805557968 0.015279919557606074 0.0281024969517451
0 0.43787125775780394 0.2979721590502777 0.019985600891151378 0.03126840596742071
0 0.5150741579540778 0.644363642062807 0.011052648445787839 0.018498232147687674
0 0.5036639432818963 0.7156802247299342 0.01001098177912117 0.018411980761488343