0 0.4091446861310466 0.9459139124464779 0.027731626465665234 0.04841210524142315
0 0.409527495321222 0.8635496000747072 0.027604080708030783 0.04563432746364516
0 0.43265179991307695 0.6698994116796829 0.023448064344159292 0.03448550819635211
0 0.4182016383440015 0.5082526147329719 0.030505854142511404 0.05214274334239951
0 0.4672618372229766 0.04046401838055007 0.028124914041364 0.04563971434309978
0 0.45307715959605754 0.00931352131539414 0.026987652525448404 0.009533990111443262
0 0.44311080991501667 0.7616307208998047 0.02244891293003756 0.035400660363368766
0 0.4516039407695958 0.5724566360699542 0.023363033839069538 0.032633656344500266
0 0.4681651359119416 0.139500384298442 0.019153851919858057 0.03166463538293745
0 0.5063239504091148 0.24493773717612827 0.015646214646954468 0.023298980772876614
0 0.4887428619781904 0.4062532410363821 0.020716351919858055 0.03168079602130126
0 0.4650870737502069 0.6110037667836083 0.015561184141864715 0.021447128921024867
0 0.45015825026579925 0.6316728002935769 0.01811218525319139 0.03165386162402818