0 0.14973958333333334 0.6375 0.0296875 0.05092592592592592
0 0.20859375 0.6208333333333333 0.0296875 0.05092592592592592
0 0.7638020833333333 0.6458333333333334 0.0296875 0.05092592592592592
0 0.8130208333333333 0.6370370370370371 0.027083333333333334 0.04814814814814815
0 0.8653645833333333 0.6319444444444444 0.027604166666666666 0.04537037037037037
0 0.9205729166666666 0.6194444444444445 0.0296875 0.05
0 0.7940104166666667 0.5814814814814815 0.018229166666666668 0.03148148148148148
0 0.73203125 0.5805555555555556 0.021354166666666667 0.03148148148148148
0 0.6947916666666667 0.5898148148148148 0.019791666666666666 0.02962962962962963
0 0.5924479166666666 0.5625 0.013020833333333334 0.026851851851851852
0 0.5138020833333333 0.5898148148148148 0.019270833333333334 0.03518518518518519
0 0.45234375 0.6101851851851852 0.021354166666666667 0.04259259259259259
0 0.21302083333333333 0.5351851851851852 0.01875 0.02962962962962963
0 0.18567708333333333 0.5694444444444444 0.0203125 0.037037037037037035
0 0.28463541666666664 0.5402777777777777 0.019270833333333334 0.030555555555555555
0 0.321875 0.5356481481481481 0.016666666666666666 0.025
0 0.37057291666666664 0.4675925925925926 0.008854166666666666 0.020370370370370372
0 0.41015625 0.4449074074074074 0.009895833333333333 0.01574074074074074
0 0.4557291666666667 0.4888888888888889 0.010416666666666666 0.022222222222222223
0 0.5377604166666666 0.5444444444444444 0.011979166666666667 0.025925925925925925
0 0.6510416666666666 0.5564814814814815 0.0125 0.025925925925925925
0 0.6364583333333333 0.5430555555555555 0.013541666666666667 0.023148148148148147
0 0.15963541666666667 0.7407407407407407 0.049479166666666664 0.06851851851851852
0 0.09166666666666666 0.7453703703703703 0.05416666666666667 0.09074074074074075
0 0.014322916666666666 0.7768518518518519 0.028645833333333332 0.08333333333333333