0 0.5317311496371803 0.059330673279190116 0.034454367392306055 0.03335872560704045
0 0.5002075013921171 0.11051152393655743 0.022227185903960372 0.04621259786153489
0 0.5114525362385074 0.17543542945984075 0.021094579733408853 0.04149671684570577
0 0.5122147575652849 0.36237607192526283 0.01827215825741888 0.030169977269095805
0 0.5400462619526268 0.49915818423085856 0.024255955534962938 0.04360732285615625
0 0.5614194352144428 0.6061914330129405 0.028513561705514216 0.048581958030584044
0 0.5488069778371087 0.9163005099973416 0.022154434300852444 0.04250889415783124
0 0.540184297558162 0.8506663070136312 0.018381285662080415 0.035725532824651254
0 0.4939648917195413 0.7735721579468544 0.013420967150426222 0.021448512697864536
0 0.4746924099584267 0.70566498936571 0.011355821717869929 0.022201935851391377
0 0.4925842817663474 0.6181129969629139 0.014499009618646853 0.023386615935915928
0 0.5107531097139305 0.46334512354428853 0.01719411578919825 0.028231874031044414
0 0.49964118726780476 0.25885373770365455 0.01719411578919837 0.028231874031044414
0 0.4943989562941077 0.2867063472064974 0.016170637023308624 0.029071548570770798