0 0.6301934424809157 0.8878623272421677 0.02434241576619248 0.04541604901490822
0 0.6233850548005023 0.8155437104483306 0.02370024208396302 0.04166921961810485
0 0.5872588110332357 0.6453813783094818 0.020792724545056984 0.03219433189334664
0 0.5874592865493542 0.5000642768176266 0.02651675436119755 0.0483663295650853
0 0.49033914208866897 0.005140618327557137 0.02051457190951519 0.010281236655114274
0 0.5066664999294128 0.09034971344971883 0.024772243837853834 0.04268139693023027
0 0.5153211631118274 0.04367542910094004 0.02651675436119755 0.048366329565085124
0 0.5849955495858886 0.7277355168383741 0.019811728052838144 0.03395993235899895
0 0.5628078970444631 0.5605970204990481 0.020732054370609158 0.030342480041494785
0 0.5137301674259667 0.17843063383084662 0.01763738945783307 0.03100965180882219
0 0.48817851298947623 0.2752469913957783 0.013718540339484164 0.02237443862379046
0 0.5165783681758551 0.4168032908782574 0.018679056124499736 0.03109590319502163
0 0.5540344619384159 0.595675667927203 0.013106701744478973 0.01955353515291302
0 0.5687036636828949 0.6130297927320277 0.01653505261671834 0.02907154857077069