0 0.18385416666666668 0.6865740740740741 0.04895833333333333 0.08055555555555556
0 0.08177083333333333 0.6990740740740741 0.052083333333333336 0.08518518518518518
0 0.13958333333333334 0.6092592592592593 0.026041666666666668 0.04814814814814815
0 0.19791666666666666 0.5888888888888889 0.027083333333333334 0.05
0 0.17395833333333333 0.5402777777777777 0.020833333333333332 0.03611111111111111
0 0.20598958333333334 0.5032407407407408 0.022395833333333334 0.03425925925925926
0 0.23645833333333333 0.537962962962963 0.020833333333333332 0.037037037037037035
0 0.27838541666666666 0.5101851851851852 0.0140625 0.02962962962962963
0 0.3140625 0.5055555555555555 0.015625 0.03333333333333333
0 0.4427083333333333 0.5819444444444445 0.020833333333333332 0.03611111111111111
0 0.51015625 0.5699074074074074 0.021354166666666667 0.04351851851851852
0 0.7536458333333333 0.6287037037037037 0.027083333333333334 0.04814814814814815
0 0.7989583333333333 0.6222222222222222 0.026041666666666668 0.046296296296296294
0 0.853125 0.6175925925925926 0.029166666666666667 0.05185185185185185
0 0.90703125 0.6050925925925926 0.027604166666666666 0.05277777777777778
0 0.5859375 0.5430555555555555 0.014583333333333334 0.030555555555555555
0 0.5317708333333333 0.5175925925925926 0.0125 0.025925925925925925
0 0.44817708333333334 0.4634259259259259 0.0109375 0.021296296296296296
0 0.36432291666666666 0.4439814814814815 0.008854166666666666 0.017592592592592594
0 0.38203125 0.4532407407407407 0.0109375 0.019444444444444445
0 0.40130208333333334 0.4222222222222222 0.009895833333333333 0.018518518518518517
0 0.63125 0.524537037037037 0.013541666666666667 0.026851851851851852
0 0.6869791666666667 0.5680555555555555 0.014583333333333334 0.026851851851851852
0 0.7138020833333333 0.5671296296296297 0.0171875 0.026851851851851852
0 0.7841145833333333 0.562962962962963 0.0171875 0.03148148148148148
0 0.5643229166666667 0.500462962962963 0.011979166666666667 0.021296296296296296