0 0.9260416666666667 0.6203703703703703 0.03125 0.05
0 0.8708333333333333 0.6324074074074074 0.03125 0.046296296296296294
0 0.81796875 0.6412037037037037 0.03697916666666667 0.049074074074074076
0 0.76953125 0.6509259259259259 0.027604166666666666 0.05555555555555555
0 0.18489583333333334 0.7337962962962963 0.052083333333333336 0.08981481481481482
0 0.10052083333333334 0.7453703703703703 0.06145833333333333 0.08703703703703704
0 0.020572916666666666 0.7819444444444444 0.04114583333333333 0.09166666666666666
0 0.15442708333333333 0.6509259259259259 0.0296875 0.053703703703703705
0 0.21354166666666666 0.6296296296296297 0.034375 0.05
0 0.18723958333333332 0.5796296296296296 0.021354166666666667 0.03518518518518519
0 0.21875 0.5444444444444444 0.026041666666666668 0.044444444444444446
0 0.2518229166666667 0.5745370370370371 0.024479166666666666 0.03796296296296296
0 0.2921875 0.5462962962962963 0.020833333333333332 0.03333333333333333
0 0.32838541666666665 0.5449074074074074 0.0203125 0.030555555555555555
0 0.5153645833333333 0.5972222222222222 0.021354166666666667 0.040740740740740744
0 0.5463541666666667 0.5486111111111112 0.015625 0.030555555555555555
0 0.5940104166666667 0.5791666666666667 0.022395833333333334 0.03611111111111111
0 0.4583333333333333 0.4930555555555556 0.011458333333333333 0.021296296296296296
0 0.4752604166666667 0.5078703703703704 0.009895833333333333 0.021296296296296296
0 0.37578125 0.475462962962963 0.013020833333333334 0.025