0 0.0145543694176772 0.6308764543046468 0.0291087388353544 0.06417512024964472
0 0.07492208347293132 0.6519266842220651 0.04487872442773278 0.06430441702689096
0 0.13626483133621772 0.6681937445868742 0.036920675213521055 0.05850643001399897
0 0.19346517073520608 0.6834055822485113 0.03171234188018772 0.05834480904244128
0 0.16210317535311905 0.5971779417967797 0.030379576785097603 0.04720137373701871
0 0.23543721898425646 0.6133537674332082 0.029240877308956453 0.04346534583900334
0 0.28365639516293883 0.6231901758020271 0.026212910118430934 0.04707207695977268
0 0.4017228959900053 0.6032236175995391 0.022845328094744842 0.03771584511757885
0 0.4866658096928919 0.6438533265932019 0.02630994292790542 0.050775780663476176
0 0.8902359963487515 0.7388510076849442 0.030525125999309448 0.052756929292574264
0 0.8315823188604219 0.7194240170651731 0.03630280907071324 0.05478656421313943
0 0.8642570906418426 0.8450762388059574 0.05882136945107372 0.09989365464097007
0 0.9446038316124076 0.8721264819507146 0.057634153570195204 0.09430577489110284
0 0.8327367375257072 0.6156718270700021 0.0296646778328153 0.03977780423245547
0 0.8587163226512684 0.6586418857517312 0.029289393713693813 0.045317197690855404
0 0.7880891840380683 0.6485734701681778 0.029240877308956453 0.04346534583900334
0 0.7578337703351817 0.6096407813758695 0.025074210642289783 0.043336049061757524
0 0.711479603668515 0.6082023547290072 0.027387278880532998 0.03230574843642494
0 0.45868208940049143 0.5878475755113092 0.018085053487638923 0.03479260846539921
0 0.42786231348373843 0.5804044492490601 0.019078203749568347 0.03297308080785881
0 0.3505428216861071 0.5770784518955043 0.018012278880532997 0.03201483068762164
0 0.33119279018627973 0.589451498312282 0.020168386820972255 0.03485725685402233
0 0.5600769360366871 0.5377099574244737 0.01677654659491736 0.02457509908590257
0 0.6512919538891663 0.6373783941717693 0.02007135401149777 0.031153553150318623