0 0.09609375 0.7587962962962963 0.0703125 0.09166666666666666
0 0.020833333333333332 0.7898148148148149 0.041666666666666664 0.07777777777777778
0 0.17395833333333333 0.7583333333333333 0.05 0.07407407407407407
0 0.22057291666666667 0.6375 0.0265625 0.04351851851851852
0 0.7723958333333333 0.6601851851851852 0.030208333333333334 0.05740740740740741
0 0.82265625 0.6472222222222223 0.0265625 0.05
0 0.8736979166666666 0.6412037037037037 0.027604166666666666 0.049074074074074076
0 0.9322916666666666 0.6273148148148148 0.03333333333333333 0.05277777777777778
0 0.8026041666666667 0.5898148148148148 0.017708333333333333 0.03148148148148148
0 0.7380208333333333 0.5962962962962963 0.017708333333333333 0.027777777777777776
0 0.6963541666666667 0.5976851851851852 0.019791666666666666 0.026851851851851852
0 0.5203125 0.6041666666666666 0.019791666666666666 0.03981481481481482
0 0.45703125 0.6148148148148148 0.0234375 0.037037037037037035
0 0.16041666666666668 0.6587962962962963 0.027083333333333334 0.04722222222222222
0 0.19244791666666666 0.5879629629629629 0.021354166666666667 0.03333333333333333
0 0.253125 0.5842592592592593 0.022916666666666665 0.03518518518518519
0 0.221875 0.5550925925925926 0.020833333333333332 0.025
0 0.29375 0.5578703703703703 0.017708333333333333 0.03425925925925926
0 0.32864583333333336 0.5532407407407407 0.013541666666666667 0.025
0 0.46067708333333335 0.5032407407407408 0.0109375 0.019444444444444445
0 0.54765625 0.5564814814814815 0.011979166666666667 0.025925925925925925
0 0.57421875 0.549537037037037 0.008854166666666666 0.017592592592592594
0 0.6098958333333333 0.5569444444444445 0.009375 0.01574074074074074
0 0.6442708333333333 0.5560185185185185 0.011458333333333333 0.025
0 0.6609375 0.5703703703703704 0.013541666666666667 0.024074074074074074
0 0.596875 0.575925925925926 0.014583333333333334 0.03148148148148148
0 0.4161458333333333 0.4615740740740741 0.008333333333333333 0.017592592592592594
0 0.37890625 0.48333333333333334 0.008854166666666666 0.014814814814814815