0 0.83984375 0.6625 0.03177083333333333 0.05462962962962963
0 0.8971354166666666 0.6574074074074074 0.033854166666666664 0.05
0 0.9575520833333333 0.6472222222222223 0.028645833333333332 0.05
0 0.78984375 0.6712962962962963 0.03177083333333333 0.06481481481481481
0 0.8192708333333333 0.5986111111111111 0.023958333333333335 0.04351851851851852
0 0.75234375 0.6064814814814815 0.021354166666666667 0.03518518518518519
0 0.7114583333333333 0.6101851851851852 0.019791666666666666 0.03518518518518519
0 0.6119791666666666 0.5837962962962963 0.014583333333333334 0.030555555555555555
0 0.5333333333333333 0.6148148148148148 0.022916666666666665 0.03888888888888889
0 0.18802083333333333 0.7532407407407408 0.051041666666666666 0.07685185185185185
0 0.030989583333333334 0.7865740740740741 0.05364583333333333 0.08611111111111111
0 0.12057291666666667 0.7662037037037037 0.049479166666666664 0.0787037037037037
0 0.2328125 0.6430555555555556 0.026041666666666668 0.05092592592592592
0 0.23671875 0.5555555555555556 0.018229166666666668 0.02962962962962963
0 0.2942708333333333 0.5625 0.019791666666666666 0.03611111111111111
0 0.27057291666666666 0.587037037037037 0.022395833333333334 0.03888888888888889
0 0.21145833333333333 0.5898148148148148 0.019791666666666666 0.03148148148148148
0 0.6565104166666667 0.562962962962963 0.015104166666666667 0.02962962962962963
0 0.5609375 0.5597222222222222 0.013541666666666667 0.030555555555555555
0 0.34348958333333335 0.5560185185185185 0.0140625 0.025
0 0.39114583333333336 0.49166666666666664 0.010416666666666666 0.020370370370370372
0 0.47369791666666666 0.5106481481481482 0.0140625 0.026851851851851852
0 0.5783854166666667 0.5370370370370371 0.008854166666666666 0.020370370370370372
0 0.590625 0.5587962962962963 0.013541666666666667 0.023148148148148147