0 0.5006477439338008 0.024425148989692103 0.029954512132398272 0.008635823820617328
0 0.5487514787683031 0.0356886666073465 0.024659240180878565 0.02043579804106999
0 0.5229038749230958 0.07263872480853988 0.02461886901070519 0.048170473488559705
0 0.525024880475575 0.15850238460812835 0.02875215916082207 0.04741695688378603
0 0.5161113546173247 0.2248996617104946 0.019884801562692307 0.03225732342666666
0 0.4394076508859352 0.4354700582548361 0.026314875076904207 0.05193883068769554
0 0.4289890836440253 0.5653255880308443 0.030581671293220224 0.05488901778662567
0 0.36853993420081077 0.9471930550467496 0.026635449310938954 0.046404826297283874
0 0.3766489263350547 0.8886445971496096 0.026014486427956268 0.043605497354362206
0 0.5056307292328036 0.4794754134272641 0.013721740180878565 0.019983223573045186
0 0.5419446653316101 0.40540250061609134 0.013821869730527918 0.02276100135082307
0 0.5421608143133994 0.3270540040496305 0.01163840684754523 0.01989701891246922
0 0.5329430032914969 0.351246222444363 0.013955375796727055 0.026464705054526774
0 0.4513053722006882 0.6191054949878197 0.020926468229358973 0.032300425756954645
0 0.4182344514734823 0.7985619411210294 0.01724725837947586 0.03122364167502067
0 0.43672983189676284 0.7195788464457209 0.014342703063861251 0.022782552515967062
0 0.44954341147717386 0.6969263750958855 0.013855246247077702 0.02368692727674889
0 0.4587577251722644 0.6583607536841571 0.01163840684754523 0.01989701891246922
0 0.42069422090562214 0.7230882025754944 0.015517875796727055 0.02652935854995896