0 0.4427083333333333 0.6189814814814815 0.027083333333333334 0.04537037037037037
0 0.81875 0.8013888888888889 0.052083333333333336 0.08425925925925926
0 0.9580729166666667 0.7962962962962963 0.059895833333333336 0.09814814814814815
0 0.9307291666666667 0.624537037037037 0.04375 0.06574074074074074
0 0.8432291666666667 0.5930555555555556 0.034375 0.062037037037037036
0 0.7828125 0.6027777777777777 0.03333333333333333 0.05185185185185185
0 0.7419270833333333 0.5625 0.0328125 0.04537037037037037
0 0.6848958333333334 0.625 0.034375 0.04814814814814815
0 0.34270833333333334 0.562037037037037 0.029166666666666667 0.046296296296296294
0 0.2682291666666667 0.5569444444444445 0.030208333333333334 0.04537037037037037
0 0.24713541666666666 0.5171296296296296 0.021354166666666667 0.03611111111111111
0 0.29973958333333334 0.5180555555555556 0.0171875 0.03611111111111111
0 0.35885416666666664 0.525 0.020833333333333332 0.037037037037037035
0 0.4083333333333333 0.5259259259259259 0.022916666666666665 0.04259259259259259
0 0.4510416666666667 0.5685185185185185 0.021875 0.03518518518518519
0 0.43697916666666664 0.5259259259259259 0.016666666666666666 0.024074074074074074
0 0.51796875 0.4777777777777778 0.0203125 0.027777777777777776
0 0.5846354166666666 0.5189814814814815 0.016145833333333335 0.028703703703703703
0 0.6716145833333333 0.5472222222222223 0.024479166666666666 0.03333333333333333
0 0.7369791666666666 0.5138888888888888 0.016666666666666666 0.027777777777777776
0 0.7513020833333334 0.48657407407407405 0.015104166666666667 0.025
0 0.71171875 0.4861111111111111 0.0171875 0.025925925925925925
0 0.6869791666666667 0.44074074074074077 0.014583333333333334 0.027777777777777776
0 0.5643229166666667 0.49166666666666664 0.011979166666666667 0.020370370370370372
0 0.5411458333333333 0.46944444444444444 0.009375 0.014814814814814815
0 0.44583333333333336 0.49074074074074076 0.014583333333333334 0.025925925925925925
0 0.3776041666666667 0.4722222222222222 0.015625 0.027777777777777776
0 0.3377604166666667 0.45740740740740743 0.0140625 0.024074074074074074
0 0.3302083333333333 0.4847222222222222 0.0125 0.023148148148148147
0 0.36276041666666664 0.49166666666666664 0.018229166666666668 0.03148148148148148
0 0.3932291666666667 0.45555555555555555 0.013541666666666667 0.025925925925925925
0 0.47239583333333335 0.425462962962963 0.016666666666666666 0.025
0 0.44609375 0.4537037037037037 0.0109375 0.018518518518518517
0 0.4276041666666667 0.45787037037037037 0.013541666666666667 0.021296296296296296