0 0.8190104166666666 0.8023148148148148 0.05364583333333333 0.08981481481481482
0 0.9536458333333333 0.7958333333333333 0.06875 0.09722222222222222
0 0.9229166666666667 0.6273148148148148 0.041666666666666664 0.058333333333333334
0 0.8361979166666667 0.600462962962963 0.03177083333333333 0.05277777777777778
0 0.7809895833333333 0.6060185185185185 0.033854166666666664 0.049074074074074076
0 0.73828125 0.5680555555555555 0.028645833333333332 0.041666666666666664
0 0.6822916666666666 0.625 0.03125 0.05185185185185185
0 0.44088541666666664 0.6226851851851852 0.024479166666666666 0.04351851851851852
0 0.340625 0.5652777777777778 0.026041666666666668 0.04537037037037037
0 0.26796875 0.5564814814814815 0.022395833333333334 0.040740740740740744
0 0.24739583333333334 0.5171296296296296 0.017708333333333333 0.032407407407407406
0 0.29791666666666666 0.5222222222222223 0.020833333333333332 0.03333333333333333
0 0.3575520833333333 0.5268518518518519 0.019270833333333334 0.03333333333333333
0 0.40859375 0.5273148148148148 0.022395833333333334 0.041666666666666664
0 0.4348958333333333 0.5217592592592593 0.016666666666666666 0.030555555555555555
0 0.44817708333333334 0.5671296296296297 0.019270833333333334 0.032407407407407406
0 0.5122395833333333 0.4740740740740741 0.019270833333333334 0.02962962962962963
0 0.5807291666666666 0.5236111111111111 0.016666666666666666 0.030555555555555555
0 0.6705729166666666 0.5504629629629629 0.021354166666666667 0.03796296296296296
0 0.7153645833333333 0.48935185185185187 0.0171875 0.030555555555555555
0 0.7354166666666667 0.5175925925925926 0.017708333333333333 0.03333333333333333
0 0.7479166666666667 0.4912037037037037 0.0125 0.028703703703703703
0 0.68515625 0.4425925925925926 0.013020833333333334 0.027777777777777776
0 0.5640625 0.49398148148148147 0.0125 0.023148148148148147
0 0.5427083333333333 0.47129629629629627 0.013541666666666667 0.018518518518518517
0 0.44583333333333336 0.48935185185185187 0.013541666666666667 0.025
0 0.32473958333333336 0.4875 0.015104166666666667 0.025
0 0.36276041666666664 0.4912037037037037 0.015104166666666667 0.026851851851851852
0 0.3359375 0.4564814814814815 0.011458333333333333 0.014814814814814815
0 0.3776041666666667 0.4703703703703704 0.0125 0.027777777777777776
0 0.39166666666666666 0.45555555555555555 0.013541666666666667 0.024074074074074074
0 0.4270833333333333 0.4583333333333333 0.011458333333333333 0.016666666666666666
0 0.4440104166666667 0.45416666666666666 0.011979166666666667 0.023148148148148147
0 0.4557291666666667 0.4263888888888889 0.010416666666666666 0.017592592592592594