0 0.43104999932567317 0.8305298888004998 0.01620701282486247 0.030923400422622545
0 0.4618609894677629 0.5400110902835161 0.017303243193859903 0.033787429586600075
0 0.49631201584836 0.11610441307896477 0.023716934300852564 0.0426382712371305
0 0.4922272168132628 0.4127571345811937 0.015577052086867363 0.025324719173967322
0 0.5093502294271346 0.3682137426136961 0.013511906654310953 0.026078142327494166
0 0.47038943338726225 0.6023702935430822 0.016655094555087995 0.027262822412018717
0 0.46996036929122265 0.6469225522202761 0.01406911578919825 0.027973119872445683
0 0.46164357543088497 0.7148500071722514 0.018363097761303612 0.034799606898725334
0 0.46997773849762725 0.7540394994371197 0.014535385420200697 0.025238467787767782
0 0.4578729159923398 0.8283089156058617 0.012470239987644287 0.025991890941294622
0 0.4754241740078788 0.845404286252088 0.019029434300852563 0.042250139999232404
0 0.4836864041658856 0.7746990535223349 0.02048280689619091 0.03682396152297627
0 0.4924190305438664 0.6084293848032625 0.022511576527193235 0.034218686517597574
0 0.5318303643970812 0.051952940604320055 0.02418320393185501 0.03990361915245249
0 0.5345816826977448 0.006031647032220093 0.017915016031078087 0.012063294064440186
0 0.5627852313956784 0.127294116721961 0.03351025601872237 0.06471083000922262
0 0.5340980769774474 0.3267487317999557 0.02429233133651678 0.0454591747080081
0 0.575607690404393 0.6340013698543567 0.038882280459048485 0.07347542027355367
0 0.5428067625159717 0.6107492369006163 0.03079696194739417 0.05893964598816831
0 0.5116873857160095 0.6332657487405596 0.021094579733408853 0.041496716845705564
0 0.5100198959393558 0.6811665623912436 0.0333829407132838 0.058229348527741136
0 0.5024669939116502 0.787982906232108 0.024328707138070626 0.04731102655985995
0 0.5253299266093949 0.8231871013124048 0.037137901451278786 0.06408678393499519
0 0.4896726906436564 0.9068261439245937 0.021040016031078086 0.03871893906792799
0 0.6094998481832851 0.1285269597821244 0.04049934416137925 0.0763825751306307