0 0.8184895833333333 0.7972222222222223 0.0515625 0.09074074074074075
0 0.9677083333333333 0.7916666666666666 0.06458333333333334 0.10185185185185185
0 0.9283854166666666 0.6175925925925926 0.043229166666666666 0.06111111111111111
0 0.8466145833333333 0.5939814814814814 0.0328125 0.06388888888888888
0 0.78203125 0.5953703703703703 0.030729166666666665 0.05555555555555555
0 0.7419270833333333 0.5606481481481481 0.033854166666666664 0.04722222222222222
0 0.6861979166666666 0.6185185185185185 0.03177083333333333 0.05185185185185185
0 0.6697916666666667 0.5462962962962963 0.022916666666666665 0.037037037037037035
0 0.7338541666666667 0.5152777777777777 0.01875 0.03611111111111111
0 0.74765625 0.48333333333333334 0.013020833333333334 0.024074074074074074
0 0.7080729166666667 0.4828703703703704 0.0171875 0.026851851851851852
0 0.68515625 0.4425925925925926 0.016145833333333335 0.02962962962962963
0 0.6229166666666667 0.44305555555555554 0.0125 0.021296296296296296
0 0.5848958333333333 0.5185185185185185 0.019791666666666666 0.03518518518518519
0 0.5643229166666667 0.4888888888888889 0.011979166666666667 0.020370370370370372
0 0.54140625 0.4699074074074074 0.0171875 0.025
0 0.5239583333333333 0.4898148148148148 0.020833333333333332 0.03148148148148148
0 0.47630208333333335 0.42453703703703705 0.0140625 0.023148148148148147
0 0.44427083333333334 0.4532407407407407 0.009375 0.017592592592592594
0 0.42552083333333335 0.4550925925925926 0.013541666666666667 0.017592592592592594
0 0.39296875 0.45231481481481484 0.013020833333333334 0.017592592592592594
0 0.3375 0.45416666666666666 0.011458333333333333 0.021296296296296296
0 0.3296875 0.48518518518518516 0.013541666666666667 0.025925925925925925
0 0.37604166666666666 0.4703703703703704 0.013541666666666667 0.022222222222222223
0 0.44453125 0.487962962962963 0.0140625 0.024074074074074074
0 0.45078125 0.5662037037037037 0.0203125 0.03796296296296296
0 0.43645833333333334 0.5189814814814815 0.016666666666666666 0.026851851851851852
0 0.409375 0.5185185185185185 0.023958333333333335 0.044444444444444446
0 0.36015625 0.5263888888888889 0.016145833333333335 0.032407407407407406
0 0.29739583333333336 0.5166666666666667 0.016666666666666666 0.02962962962962963
0 0.24869791666666666 0.5175925925925926 0.019270833333333334 0.02962962962962963
0 0.26666666666666666 0.5560185185185185 0.022916666666666665 0.041666666666666664
0 0.3416666666666667 0.5601851851851852 0.026041666666666668 0.040740740740740744
0 0.4427083333333333 0.6208333333333333 0.023958333333333335 0.03796296296296296