0 0.81953125 0.8050925925925926 0.0578125 0.09537037037037037
0 0.9549479166666667 0.7967592592592593 0.0640625 0.09907407407407408
0 0.9049479166666666 0.625462962962963 0.044270833333333336 0.06574074074074074
0 0.83515625 0.6037037037037037 0.027604166666666666 0.053703703703703705
0 0.7809895833333333 0.612037037037037 0.028645833333333332 0.06111111111111111
0 0.7375 0.575462962962963 0.034375 0.049074074074074076
0 0.68359375 0.6287037037037037 0.034895833333333334 0.05740740740740741
0 0.67109375 0.5541666666666667 0.022395833333333334 0.03796296296296296
0 0.44088541666666664 0.6287037037037037 0.030729166666666665 0.046296296296296294
0 0.44921875 0.575462962962963 0.018229166666666668 0.03611111111111111
0 0.43645833333333334 0.5305555555555556 0.015625 0.03148148148148148
0 0.41041666666666665 0.5277777777777778 0.022916666666666665 0.04814814814814815
0 0.35911458333333335 0.5305555555555556 0.019270833333333334 0.03518518518518519
0 0.3424479166666667 0.5648148148148148 0.0234375 0.04259259259259259
0 0.29973958333333334 0.5194444444444445 0.019270833333333334 0.03333333333333333
0 0.246875 0.5152777777777777 0.020833333333333332 0.03425925925925926
0 0.2682291666666667 0.5587962962962963 0.026041666666666668 0.04537037037037037
0 0.32708333333333334 0.49444444444444446 0.015625 0.024074074074074074
0 0.3640625 0.49444444444444446 0.014583333333333334 0.024074074074074074
0 0.378125 0.475462962962963 0.0125 0.023148148148148147
0 0.33828125 0.4601851851851852 0.011979166666666667 0.018518518518518517
0 0.39166666666666666 0.45925925925925926 0.010416666666666666 0.020370370370370372
0 0.4309895833333333 0.46296296296296297 0.0109375 0.024074074074074074
0 0.44166666666666665 0.4263888888888889 0.011458333333333333 0.019444444444444445
0 0.446875 0.49212962962962964 0.0125 0.025
0 0.50625 0.46944444444444444 0.015625 0.03518518518518519
0 0.5424479166666667 0.475 0.0109375 0.022222222222222223
0 0.56640625 0.4986111111111111 0.0140625 0.021296296296296296
0 0.5815104166666667 0.525 0.015104166666666667 0.020370370370370372
0 0.75078125 0.4930555555555556 0.015104166666666667 0.026851851851851852
0 0.7385416666666667 0.5203703703703704 0.016666666666666666 0.02962962962962963
0 0.71953125 0.4949074074074074 0.0140625 0.028703703703703703
0 0.68671875 0.45092592592592595 0.0140625 0.025925925925925925