0 0.15285890427219595 0.8069444444444445 0.05307901054488718 0.08888888888888889
0 0.018602580431375217 0.8027777777777778 0.037205160862750435 0.10277777777777777
0 0.04683039785879898 0.6268518518518519 0.047318896577869134 0.06481481481481481
0 0.1318526789867753 0.5986111111111111 0.03516995125468408 0.05740740740740741
0 0.19839201166105316 0.6041666666666666 0.031003284588017384 0.05740740740740741
0 0.2379687101147516 0.5703703703703704 0.03439444993657321 0.046296296296296294
0 0.296049147858799 0.6268518518518519 0.03656267259816571 0.05
0 0.5416114533594333 0.6273148148148148 0.03081228359943419 0.049074074074074076
0 0.6432725439423765 0.5662037037037037 0.028144449936573324 0.046296296296296294
0 0.7188888777700015 0.562037037037037 0.026560727604508352 0.04537037037037037
0 0.7414372437141858 0.5212962962962963 0.021554892623536402 0.03148148148148148
0 0.6885408268827554 0.5226851851851851 0.01955644861846224 0.03518518518518519
0 0.6308826318890979 0.5273148148148148 0.022639003954332774 0.03333333333333333
0 0.5784539925608387 0.5310185185185186 0.022808782610851116 0.040740740740740744
0 0.5511526872249685 0.5291666666666667 0.017345781292740035 0.02962962962962963
0 0.5358959879474506 0.5699074074074074 0.023808004613388077 0.03888888888888889
0 0.4653889421678843 0.4875 0.019514003954332775 0.03333333333333333
0 0.44494822197774975 0.4703703703703704 0.013051780633684729 0.024074074074074074
0 0.42118752451263447 0.49583333333333335 0.014093447300351395 0.024074074074074074
0 0.40081224371418583 0.5212962962962963 0.016304114626073604 0.02962962962962963
0 0.31113429608430676 0.5481481481481482 0.023723115285128906 0.03518518518518519
0 0.660908803004389 0.4898148148148148 0.016219225297814433 0.025925925925925925
0 0.6246366081754954 0.4930555555555556 0.013009335969555025 0.022222222222222223
0 0.6107487493161572 0.4740740740740741 0.014008557972092224 0.020370370370370372
0 0.6533182512933234 0.45740740740740743 0.015135113967018061 0.024074074074074074
0 0.5961008627888837 0.45416666666666666 0.01292444664129609 0.018518518518518517
0 0.5426305567939578 0.45787037037037037 0.013051780633684729 0.024074074074074074
0 0.5423873861729585 0.4912037037037037 0.014008557972092224 0.020370370370370372
0 0.5146532269206656 0.4287037037037037 0.013966113307962639 0.018518518518518517
0 0.29714739193969364 0.4425925925925926 0.017303336628610565 0.027777777777777776
0 0.27452474783328246 0.48657407407407405 0.014093447300351395 0.024074074074074074
0 0.24848971604625067 0.5203703703703704 0.02159733728766599 0.03333333333333333
0 0.2312531365024862 0.48842592592592593 0.016219225297814315 0.025925925925925925
0 0.5603388901272911 0.45787037037037037 0.014008557972092224 0.020370370370370372