0 0.81953125 0.7967592592592593 0.05364583333333333 0.08425925925925926
0 0.9674479166666666 0.7953703703703704 0.0640625 0.1
0 0.928125 0.6203703703703703 0.04583333333333333 0.06296296296296296
0 0.846875 0.5935185185185186 0.028125 0.05185185185185185
0 0.7822916666666667 0.5990740740740741 0.029166666666666667 0.05555555555555555
0 0.7427083333333333 0.5606481481481481 0.034375 0.04722222222222222
0 0.6864583333333333 0.6194444444444445 0.027083333333333334 0.05
0 0.67421875 0.5449074074074074 0.019270833333333334 0.03796296296296296
0 0.7356770833333334 0.512962962962963 0.021354166666666667 0.03518518518518519
0 0.7497395833333333 0.4847222222222222 0.011979166666666667 0.025
0 0.7098958333333333 0.48518518518518516 0.015625 0.03148148148148148
0 0.6869791666666667 0.4388888888888889 0.014583333333333334 0.025925925925925925
0 0.5848958333333333 0.5203703703703704 0.017708333333333333 0.03333333333333333
0 0.5669270833333333 0.49027777777777776 0.0140625 0.023148148148148147
0 0.54140625 0.4685185185185185 0.013020833333333334 0.022222222222222223
0 0.521875 0.48194444444444445 0.019791666666666666 0.030555555555555555
0 0.44817708333333334 0.5643518518518519 0.024479166666666666 0.03611111111111111
0 0.4361979166666667 0.5222222222222223 0.0140625 0.027777777777777776
0 0.4088541666666667 0.524074074074074 0.021875 0.03518518518518519
0 0.34270833333333334 0.5569444444444445 0.025 0.04351851851851852
0 0.26875 0.5564814814814815 0.021875 0.03888888888888889
0 0.24947916666666667 0.5157407407407407 0.017708333333333333 0.027777777777777776
0 0.2989583333333333 0.5180555555555556 0.016666666666666666 0.028703703703703703
0 0.35911458333333335 0.5268518518518519 0.0171875 0.03148148148148148
0 0.33098958333333334 0.4875 0.016145833333333335 0.028703703703703703
0 0.3776041666666667 0.4736111111111111 0.015625 0.026851851851851852
0 0.44609375 0.48703703703703705 0.0171875 0.02962962962962963
0 0.33828125 0.45601851851851855 0.011979166666666667 0.023148148148148147
0 0.3924479166666667 0.45231481481481484 0.009895833333333333 0.021296296296296296
0 0.42552083333333335 0.45694444444444443 0.013541666666666667 0.023148148148148147
0 0.4440104166666667 0.4537037037037037 0.011979166666666667 0.020370370370370372
0 0.47421875 0.4236111111111111 0.008854166666666666 0.021296296296296296
0 0.4427083333333333 0.6208333333333333 0.030208333333333334 0.04351851851851852