0 0.81953125 0.7953703703703704 0.050520833333333334 0.08333333333333333
0 0.96875 0.7898148148148149 0.057291666666666664 0.09444444444444444
0 0.9278645833333333 0.6199074074074075 0.04739583333333333 0.06574074074074074
0 0.84765625 0.5939814814814814 0.033854166666666664 0.05277777777777778
0 0.7822916666666667 0.5986111111111111 0.030208333333333334 0.05092592592592592
0 0.7411458333333333 0.5601851851851852 0.03333333333333333 0.04259259259259259
0 0.6854166666666667 0.6180555555555556 0.03333333333333333 0.05092592592592592
0 0.44114583333333335 0.6203703703703703 0.03229166666666667 0.04259259259259259
0 0.521875 0.4842592592592593 0.019791666666666666 0.03518518518518519
0 0.58359375 0.5194444444444445 0.015104166666666667 0.02962962962962963
0 0.67109375 0.5444444444444444 0.019270833333333334 0.03148148148148148
0 0.7346354166666667 0.5120370370370371 0.018229166666666668 0.03148148148148148
0 0.7484375 0.48333333333333334 0.013541666666666667 0.024074074074074074
0 0.7078125 0.4837962962962963 0.013541666666666667 0.019444444444444445
0 0.6854166666666667 0.43842592592592594 0.014583333333333334 0.026851851851851852
0 0.5640625 0.4898148148148148 0.0125 0.025925925925925925
0 0.540625 0.4675925925925926 0.007291666666666667 0.018518518518518517
0 0.47604166666666664 0.4263888888888889 0.015625 0.028703703703703703
0 0.3416666666666667 0.5601851851851852 0.023958333333333335 0.04259259259259259
0 0.2674479166666667 0.5574074074074075 0.0265625 0.044444444444444446
0 0.24583333333333332 0.5162037037037037 0.01875 0.030555555555555555
0 0.35833333333333334 0.5222222222222223 0.020833333333333332 0.04259259259259259
0 0.4348958333333333 0.5268518518518519 0.015625 0.03148148148148148
0 0.44947916666666665 0.5601851851851852 0.01875 0.03518518518518519
0 0.40677083333333336 0.5263888888888889 0.022916666666666665 0.04722222222222222
0 0.44375 0.48657407407407405 0.014583333333333334 0.026851851851851852
0 0.3765625 0.4699074074074074 0.0125 0.021296296296296296
0 0.32864583333333336 0.487962962962963 0.015625 0.025925925925925925
0 0.33567708333333335 0.45416666666666666 0.011979166666666667 0.019444444444444445
0 0.38958333333333334 0.45185185185185184 0.014583333333333334 0.025925925925925925
0 0.42473958333333334 0.4546296296296296 0.011979166666666667 0.020370370370370372
0 0.4434895833333333 0.4513888888888889 0.011979166666666667 0.021296296296296296