0 0.8236979166666667 0.7916666666666666 0.05572916666666667 0.08888888888888889
0 0.9716145833333333 0.7851851851851852 0.05677083333333333 0.1
0 0.93203125 0.6171296296296296 0.04635416666666667 0.06574074074074074
0 0.8528645833333334 0.5921296296296297 0.030729166666666665 0.05462962962962963
0 0.7848958333333333 0.5939814814814814 0.03229166666666667 0.05277777777777778
0 0.7416666666666667 0.5587962962962963 0.03229166666666667 0.04351851851851852
0 0.6908854166666667 0.6162037037037037 0.0296875 0.05277777777777778
0 0.44609375 0.6175925925925926 0.028645833333333332 0.04814814814814815
0 0.34322916666666664 0.5583333333333333 0.028125 0.04259259259259259
0 0.2708333333333333 0.5564814814814815 0.03125 0.04259259259259259
0 0.2515625 0.5166666666666667 0.019791666666666666 0.03148148148148148
0 0.36171875 0.524074074074074 0.016145833333333335 0.03888888888888889
0 0.40911458333333334 0.524074074074074 0.0203125 0.040740740740740744
0 0.43463541666666666 0.5203703703703704 0.018229166666666668 0.02962962962962963
0 0.45 0.5625 0.021875 0.03611111111111111
0 0.5296875 0.4949074074074074 0.025 0.03981481481481482
0 0.5856770833333333 0.5189814814814815 0.018229166666666668 0.026851851851851852
0 0.6708333333333333 0.5407407407407407 0.019791666666666666 0.037037037037037035
0 0.7098958333333333 0.4828703703703704 0.014583333333333334 0.023148148148148147
0 0.73515625 0.5111111111111111 0.018229166666666668 0.027777777777777776
0 0.75234375 0.48055555555555557 0.015104166666666667 0.025925925925925925
0 0.6869791666666667 0.43703703703703706 0.015625 0.027777777777777776
0 0.5674479166666667 0.49074074074074076 0.011979166666666667 0.022222222222222223
0 0.4466145833333333 0.4861111111111111 0.0140625 0.024074074074074074
0 0.48098958333333336 0.4236111111111111 0.013020833333333334 0.017592592592592594
0 0.44557291666666665 0.45092592592592595 0.0109375 0.016666666666666666
0 0.42942708333333335 0.4537037037037037 0.0109375 0.022222222222222223
0 0.3932291666666667 0.449537037037037 0.013541666666666667 0.019444444444444445
0 0.37890625 0.4685185185185185 0.016145833333333335 0.025925925925925925
0 0.3375 0.4537037037037037 0.0125 0.016666666666666666
0 0.3307291666666667 0.48333333333333334 0.01875 0.03148148148148148
0 0.36276041666666664 0.48703703703703705 0.016145833333333335 0.022222222222222223