0 0.4581295592627319 0.9468733549833953 0.03231279535498525 0.06942359595924093
0 0.41956684986638265 0.8340188403124749 0.0375636439408634 0.07051114285672434
0 0.4101608874823102 0.3451888619576551 0.03227028010244031 0.068497670033315
0 0.49945159536468353 0.5121039381972236 0.025350686364518062 0.042393961038675765
0 0.47897942678139155 0.6342083393513077 0.02123718525319139 0.03209564117340017
0 0.4658572866335501 0.808474015397227 0.02270400444530646 0.04138722462697109
0 0.48869399007061687 0.9366524509433686 0.02261897394021683 0.039535372775119246
0 0.5074811371924461 0.9652776873553173 0.018027154748101754 0.030146816738613746
0 0.5058443859281055 0.8841945204481758 0.01485963949555682 0.029123918229753246
0 0.5338578586039817 0.8411355702320902 0.019153851919858057 0.032030992784777265
0 0.497049225719992 0.5960941796593889 0.01842044232380052 0.0273852010579918
0 0.5105909783452947 0.5502389463743459 0.012701925959929028 0.016112468975323205
0 0.5344751463729233 0.42292881794757886 0.02080138242494769 0.0339313309280964
0 0.44520058586201455 0.14845279437762327 0.030984172223299803 0.05181484126949256
0 0.443925343182259 0.014190711402317195 0.031600686364518064 0.02838142280463439
0 0.4697540897516577 0.1833898102509181 0.030165732122152632 0.0453171976908553
0 0.4694774397548906 0.3363938573888765 0.02236388242494769 0.03397981721956369
0 0.44859622303829677 0.3643955613328109 0.025223140606883496 0.03961618326089798
0 0.4687281836425941 0.28031877153031276 0.03402414171821017 0.05005996200057523
0 0.4953915176846047 0.35552548413280755 0.019153851919858057 0.032030992784777265
0 0.5038739122777528 0.22220257504207597 0.015252927071255702 0.026362302549131352
0 0.49083731838681643 0.1257099903858867 0.01923888242494769 0.033882844636629064
0 0.5123934110134122 0.14080424724039717 0.01416874515204422 0.02540405242889392
0 0.51552352126822 0.24873118495081273 0.019153851919858057 0.032030992784777265
0 0.5150875895020224 0.31875172703831045 0.014689578485377552 0.025420214526049752
0 0.5176119648563611 0.35669044685553974 0.015210411818710886 0.025436376623205373