0 0.8166666666666667 0.8032407407407407 0.053125 0.0787037037037037
0 0.9549479166666667 0.7939814814814815 0.0671875 0.09907407407407408
0 0.9184895833333333 0.6314814814814815 0.043229166666666666 0.06851851851851852
0 0.8338541666666667 0.6013888888888889 0.03229166666666667 0.05462962962962963
0 0.78203125 0.6064814814814815 0.04114583333333333 0.06111111111111111
0 0.7359375 0.5689814814814815 0.03958333333333333 0.04537037037037037
0 0.684375 0.625 0.035416666666666666 0.05185185185185185
0 0.6692708333333334 0.5532407407407407 0.025 0.03796296296296296
0 0.7166666666666667 0.49074074074074076 0.015625 0.025925925925925925
0 0.7348958333333333 0.5157407407407407 0.01875 0.03333333333333333
0 0.7481770833333333 0.4898148148148148 0.016145833333333335 0.02962962962962963
0 0.5807291666666666 0.5217592592592593 0.019791666666666666 0.028703703703703703
0 0.56328125 0.4935185185185185 0.015104166666666667 0.018518518518518517
0 0.5096354166666667 0.46805555555555556 0.018229166666666668 0.03425925925925926
0 0.5411458333333333 0.475462962962963 0.0125 0.019444444444444445
0 0.6848958333333334 0.4439814814814815 0.017708333333333333 0.026851851851851852
0 0.43854166666666666 0.6263888888888889 0.03125 0.04537037037037037
0 0.4473958333333333 0.5675925925925925 0.023958333333333335 0.04259259259259259
0 0.4075520833333333 0.5277777777777778 0.0234375 0.03888888888888889
0 0.34140625 0.5638888888888889 0.0265625 0.040740740740740744
0 0.2674479166666667 0.5592592592592592 0.0265625 0.04259259259259259
0 0.24453125 0.5171296296296296 0.021354166666666667 0.030555555555555555
0 0.2953125 0.524074074074074 0.023958333333333335 0.03148148148148148
0 0.35520833333333335 0.5277777777777778 0.021875 0.03518518518518519
0 0.43463541666666666 0.5236111111111111 0.0171875 0.032407407407407406
0 0.44479166666666664 0.4888888888888889 0.0125 0.025925925925925925
0 0.37578125 0.4736111111111111 0.009895833333333333 0.017592592592592594
0 0.33567708333333335 0.45925925925925926 0.011979166666666667 0.018518518518518517
0 0.32526041666666666 0.4888888888888889 0.0140625 0.020370370370370372
0 0.39140625 0.45601851851851855 0.009895833333333333 0.023148148148148147
0 0.4515625 0.42592592592592593 0.010416666666666666 0.020370370370370372
0 0.42890625 0.4601851851851852 0.009895833333333333 0.022222222222222223
0 0.4440104166666667 0.45740740740740743 0.008854166666666666 0.016666666666666666