0 0.4882975228627521 0.0311718298729729 0.030808351190240776 0.0623436597459458
0 0.4454613215644073 0.12549058178790057 0.03454509632007519 0.07177119610473258
0 0.4168515317934026 0.5737149331893203 0.028140546266023372 0.055771841382263404
0 0.4303408311723547 0.8966364070158224 0.027026150162155815 0.048321331644567804
0 0.43836170170757865 0.7690414270541351 0.02601175703443938 0.051056007092057806
0 0.4620810282767322 0.7393679209189499 0.02174508739162159 0.04069841258572027
0 0.4677140109603439 0.6428776641363573 0.027026150162155697 0.04832133164456801
0 0.4512810788713033 0.5667370007342586 0.027492436417588452 0.04278732725415635
0 0.4718462224049583 0.593189768943312 0.01957993344143721 0.03227887459181076
0 0.5093759968903665 0.45604381481765355 0.02333486093057194 0.043540843858930124
0 0.49371258752839897 0.3280405239811309 0.020118949134070738 0.034152277608806604
0 0.49041926555805293 0.15972674153148073 0.023280313852671243 0.03798528830337452
0 0.5290810270567193 0.09287572869818851 0.01746023538950337 0.028488966227530877
0 0.5167297134743076 0.051737065577550666 0.020657964826704265 0.0360256806258025
0 0.5339386233767945 0.022332949006665874 0.018510993235820193 0.02945799448374488
0 0.5512827180742136 0.13823454931071935 0.019579933441436975 0.03227887459181076
0 0.508736251624853 0.36212698683160416 0.015358719696869845 0.026550909715102846
0 0.5158610495146311 0.4053330134555342 0.01063485497826946 0.0226532455251029
0 0.49490834794602684 0.5774267028621598 0.015358719696869845 0.026550909715102846
0 0.5332519181569392 0.5429830974362749 0.015888644209853215 0.027498386806172868
0 0.4970482730006279 0.7041384721405753 0.015404175595120388 0.031180539344732687
0 0.48054142857456694 0.7945998219097111 0.018035615800737405 0.03406607294823053
0 0.4989069629359853 0.7799566422407812 0.011658339285635814 0.020844496003539242
0 0.48250262243253345 0.7274163143672214 0.013293568722836824 0.02831655690637852
0 0.5072077505438145 0.6768771481509869 0.013778037337569653 0.024634404367818913
0 0.5101424272210718 0.6165949827226536 0.012718188311602792 0.022739450185679078
0 0.5148740650726841 0.5853932793004107 0.012718188311602792 0.022739450185679078