0 0.48333333333333334 0.4212962962962963 0.013541666666666667 0.022222222222222223
0 0.5276041666666667 0.49212962962962964 0.021875 0.03796296296296296
0 0.6869791666666667 0.42916666666666664 0.017708333333333333 0.028703703703703703
0 0.7057291666666666 0.4740740740740741 0.016666666666666666 0.027777777777777776
0 0.7481770833333333 0.47453703703703703 0.0171875 0.025
0 0.7341145833333333 0.5041666666666667 0.016145833333333335 0.026851851851851852
0 0.6721354166666667 0.5319444444444444 0.024479166666666666 0.030555555555555555
0 0.5830729166666667 0.5162037037037037 0.018229166666666668 0.030555555555555555
0 0.53984375 0.45925925925925926 0.009895833333333333 0.014814814814814815
0 0.44479166666666664 0.44351851851851853 0.011458333333333333 0.022222222222222223
0 0.42604166666666665 0.45092592592592595 0.010416666666666666 0.018518518518518517
0 0.39010416666666664 0.44537037037037036 0.0125 0.022222222222222223
0 0.3359375 0.44537037037037036 0.010416666666666666 0.016666666666666666
0 0.3265625 0.47962962962962963 0.014583333333333334 0.024074074074074074
0 0.3770833333333333 0.4652777777777778 0.013541666666666667 0.019444444444444445
0 0.409375 0.5180555555555556 0.027083333333333334 0.03796296296296296
0 0.43697916666666664 0.5148148148148148 0.017708333333333333 0.027777777777777776
0 0.446875 0.47824074074074074 0.013541666666666667 0.028703703703703703
0 0.4434895833333333 0.6134259259259259 0.027604166666666666 0.041666666666666664
0 0.34401041666666665 0.5587962962962963 0.0296875 0.04722222222222222
0 0.3614583333333333 0.5157407407407407 0.019791666666666666 0.03148148148148148
0 0.26979166666666665 0.5509259259259259 0.026041666666666668 0.04814814814814815
0 0.2953125 0.5115740740740741 0.01875 0.030555555555555555
0 0.24895833333333334 0.5097222222222222 0.019791666666666666 0.030555555555555555
0 0.6833333333333333 0.6092592592592593 0.030208333333333334 0.04814814814814815
0 0.9234375 0.6111111111111112 0.04583333333333333 0.06481481481481481
0 0.9614583333333333 0.7819444444444444 0.07291666666666667 0.10648148148148148
0 0.8171875 0.787962962962963 0.051041666666666666 0.09074074074074075
0 0.8481770833333333 0.5875 0.03177083333333333 0.05462962962962963
0 0.7440104166666667 0.5550925925925926 0.033854166666666664 0.05092592592592592
0 0.78125 0.587037037037037 0.03125 0.05740740740740741