0 0.49351993643825537 0.5551728733222198 0.022814423098677376 0.036027412676349756
0 0.5950035036581468 0.5654342353285263 0.020691623375289698 0.03492898397802475
0 0.2852347623729831 0.45708672352160884 0.020289189212119276 0.03766363606270265
0 0.24024934134889828 0.49471099469803176 0.022049021162390995 0.0424226427716317
0 0.20845100455791082 0.48046312765177224 0.022696023928514227 0.03324963489857198
0 0.2173482152074854 0.5169737896619157 0.02785712060916635 0.04474887724758092
0 0.28042374791766694 0.5760897678496402 0.02925398478632211 0.0531684619671138
0 0.25754173989436135 0.659216339427171 0.045265878424238674 0.07571540336330355
0 0.15453963927275768 0.5926130162040977 0.04422421175757195 0.0756291519771038
0 0.09592646361619044 0.5575609689050319 0.04662327621134003 0.08320906215691029
0 0.04823851748876299 0.566621056642466 0.04978774260139436 0.08439374224143484
0 0.20752681444602744 0.5695892078527098 0.041146448410253215 0.06430241240049395
0 0.07458568470555806 0.7945967294663498 0.0804463618274991 0.13398787758414435
0 0.7260028971546608 0.7783808099681527 0.038384416183369297 0.06038308023129149
0 0.5234459671406754 0.7727591521565542 0.04450824675057928 0.07011672211464791
0 0.5270293308345336 0.7070830999554631 0.030335117843043234 0.054180639279239266
0 0.5759248869899319 0.6758223528423567 0.030934883956485255 0.05607561682419078
0 0.5493190354685642 0.6685087870551262 0.026697054772336533 0.041884848083603606
0 0.6320878764087363 0.7009149866071517 0.027857120609166466 0.04474887724758092
0 0.6448793741259107 0.7502922170086431 0.03906311507692 0.06412990962809485
0 0.7010665969479757 0.7196352295989336 0.022814423098677376 0.036027412676349756
0 0.7650026199767258 0.7463006746861508 0.032378984786321986 0.053427216125712426
0 0.6778859360217889 0.6810126851026206 0.02609728865889451 0.039989870538652085
0 0.6688033563543427 0.6365885270290069 0.020731089765343807 0.035854909903950676
0 0.6075504327723681 0.6082868585554365 0.018568823651902024 0.03383055527969974
0 0.5429984880280022 0.6205965537433077 0.02313015421911189 0.04343482008375717
0 0.5683025637544966 0.5971389355094838 0.01688792448173899 0.030923400422622545
0 0.6324433814576854 0.6619182834855133 0.02129138948873172 0.03682396152297627
0 0.440899921707875 0.5573202226471747 0.016130292808079597 0.025324719173967322