0 0.4298035988360002 0.5062489318590454 0.03260994207455165 0.05963339423731508
0 0.47906514469597583 0.041867228730152174 0.039163292946791016 0.06934539658062329
0 0.5199983894107749 0.08020355956821218 0.02360923682229128 0.03865936642154598
0 0.5669875104998146 0.012009994390576444 0.01815822279116617 0.024019988781152888
0 0.5172289761577733 0.2586038590865573 0.018309898227286087 0.03550430274039408
0 0.5331925559597963 0.29967708818673927 0.014911882442270633 0.026944597865036186
0 0.4645148532207267 0.5060547954164221 0.0258139105045205 0.0425139844865995
0 0.4867006663607889 0.5378601208410899 0.02085339471950493 0.03384109384022917
0 0.4464338215330504 0.71108764419819 0.030314263130650568 0.05300099839448396
0 0.46940369610634225 0.6871487711156153 0.02468123857618186 0.039660749528146695
0 0.4339963311088616 0.8493508604211931 0.029732759622869292 0.0511114179522946
0 0.45499626441396007 0.9007326803564866 0.021895061386171595 0.0339165510209042
0 0.4635298302554453 0.8026615648516724 0.0258139105045205 0.0425139844865995
0 0.48776399080702393 0.753571777407748 0.018158222791166405 0.03087467311076445
0 0.508033556601451 0.7428222388301607 0.013748875426708195 0.023165436980657768
0 0.5214872724476421 0.6355775411256762 0.014300043847265442 0.024129091496921
0 0.5071718180487982 0.6607457443195354 0.0159535491089373 0.02702005504571111
0 0.524650555818622 0.564811020556763 0.013779210513932109 0.024091362906583695
0 0.5320586689916248 0.5359666223706235 0.010472199990588394 0.018309435809003474
0 0.5103253137346588 0.5259394205003836 0.018158222791166405 0.03087467311076445
0 0.5516076549604999 0.5271255285303942 0.013167371918927036 0.0212758565384684
0 0.5412955647057203 0.3478165919186327 0.01635304209337486 0.02335407993234471
0 0.5374775085341625 0.4065649397456776 0.015402380688379935 0.02605640052944767
0 0.5872162244979989 0.07626249734061127 0.017637389457832834 0.030836944520426988