0 0.4552992400010606 0.0024790819823967674 0.02830681333545447 0.004958163964793535
0 0.42021608023021173 0.08292809606840316 0.029027641337787694 0.059815126438072574
0 0.41772906893166467 0.5387665393984998 0.025860218226181668 0.05317199479971043
0 0.45635704140142114 0.8683621023830405 0.025823855559090704 0.04761643924415487
0 0.45363111850199733 0.7304934353449246 0.02848256622639376 0.056084481041555306
0 0.4755665404996641 0.6987928578447978 0.021590524002757405 0.03721572051646221
0 0.4770377689369675 0.6051665725550255 0.0236859782251211 0.0391753391395679
0 0.4507413811531799 0.5277964826455871 0.022680674225545278 0.044677011309496535
0 0.47643190693293735 0.5524022656236544 0.017387494668999894 0.031444631418398955
0 0.48019398339696673 0.8087759803338821 0.020034084447272584 0.03806082136394774
0 0.48031858740449673 0.9074140331378067 0.01954355333651492 0.04266350930076391
0 0.49781122761508817 0.7541427882281148 0.01580075289093929 0.027660102636255075
0 0.51750895739177 0.7387671520493522 0.010586359113090775 0.02646475978219474
0 0.5084061300524976 0.6614339122029961 0.014256434224484712 0.03035705533559268
0 0.5194222333837097 0.6330768880297294 0.011052648445787839 0.01815836814167487
0 0.4968805844870435 0.5323565872760421 0.017896207113302864 0.029619721259360562
0 0.5181955407118465 0.565061745013394 0.013699238224060531 0.02477455808722366
0 0.5195550158205889 0.5339624014164351 0.011567421334605992 0.017259383908562406
0 0.5364213122612861 0.48399925147951756 0.012657571557393747 0.024720674701596737
0 0.5038052293655743 0.3963043137356923 0.017896207113302864 0.02961972125936067
0 0.4805851755781808 0.2715368806007444 0.017363252890939408 0.02774092771469546
0 0.48370889844578785 0.00536106405529053 0.021584463558242343 0.01072212811058106
0 0.5022107851156362 0.03330093823350917 0.015292040446636198 0.029485012795293492
0 0.5288037697856967 0.07638482719087486 0.01475302577975744 0.02668029332470228
0 0.497224752692014 0.3063363654252691 0.014728784001696955 0.022976589620998522
0 0.5108090249177714 0.35194564855482263 0.009508329779333262 0.020855320841012263