0 0.821875 0.7981481481481482 0.05416666666666667 0.07962962962962963
0 0.9611979166666667 0.7930555555555555 0.0609375 0.09907407407407408
0 0.9317708333333333 0.6240740740740741 0.042708333333333334 0.06481481481481481
0 0.8432291666666667 0.5953703703703703 0.035416666666666666 0.05740740740740741
0 0.2677083333333333 0.5550925925925926 0.03125 0.049074074074074076
0 0.34453125 0.5611111111111111 0.0265625 0.04814814814814815
0 0.44244791666666666 0.6185185185185185 0.027604166666666666 0.04259259259259259
0 0.44947916666666665 0.5671296296296297 0.020833333333333332 0.03796296296296296
0 0.4083333333333333 0.5263888888888889 0.022916666666666665 0.03981481481481482
0 0.5177083333333333 0.47962962962962963 0.017708333333333333 0.03148148148148148
0 0.5833333333333334 0.5203703703703704 0.016666666666666666 0.03148148148148148
0 0.6729166666666667 0.5439814814814815 0.019791666666666666 0.028703703703703703
0 0.684375 0.6189814814814815 0.03125 0.05092592592592592
0 0.74375 0.5634259259259259 0.030208333333333334 0.04537037037037037
0 0.7856770833333333 0.5981481481481481 0.0296875 0.05
0 0.32890625 0.4861111111111111 0.0140625 0.022222222222222223
0 0.29921875 0.5175925925925926 0.0203125 0.03333333333333333
0 0.246875 0.5148148148148148 0.020833333333333332 0.02962962962962963
0 0.3614583333333333 0.5231481481481481 0.017708333333333333 0.02962962962962963
0 0.43723958333333335 0.5277777777777778 0.019270833333333334 0.03148148148148148
0 0.47291666666666665 0.42685185185185187 0.011458333333333333 0.018518518518518517
0 0.4466145833333333 0.4888888888888889 0.0140625 0.022222222222222223
0 0.37916666666666665 0.4708333333333333 0.013541666666666667 0.019444444444444445
0 0.6888020833333334 0.4412037037037037 0.013020833333333334 0.028703703703703703
0 0.7091145833333333 0.48564814814814816 0.016145833333333335 0.026851851851851852
0 0.7348958333333333 0.5138888888888888 0.021875 0.025925925925925925
0 0.7515625 0.4842592592592593 0.013541666666666667 0.024074074074074074
0 0.5432291666666667 0.4675925925925926 0.014583333333333334 0.020370370370370372
0 0.33880208333333334 0.45416666666666666 0.013020833333333334 0.017592592592592594
0 0.4283854166666667 0.4550925925925926 0.009895833333333333 0.023148148148148147
0 0.4453125 0.45185185185185184 0.009375 0.014814814814814815
0 0.39348958333333334 0.45185185185185184 0.011979166666666667 0.020370370370370372