0 0.5892224713902117 0.6625672408030575 0.03974479645457241 0.07045832040108609
0 0.5548904055957844 0.6515163589717045 0.025904915766192478 0.044784778080750175
0 0.5229000073920275 0.7282348940684857 0.026885912258411082 0.042986809614525244
0 0.5259615257843497 0.6745985445968158 0.018431238576181976 0.038852038825806574
0 0.5391046714984452 0.8626324242679502 0.03043560347954634 0.05611142273436877
0 0.6150694237528163 0.1602744134959217 0.035305114002890055 0.06190945352524537
0 0.5359729719377502 0.0425647584126587 0.020211221037275826 0.029700546337801
0 0.5819050158085446 0.06580937325279497 0.028594950844004548 0.0634110633705225
0 0.5697291570908554 0.16674025336385537 0.027067922781754798 0.0485423651700808
0 0.532729443022084 0.10175666343988436 0.01812788770394249 0.02959277956654726
0 0.5531833447571515 0.06664239496287054 0.01916955437060892 0.029646662952174132
0 0.5406444370246412 0.3697484272395441 0.02121741576619224 0.044542302845429226
0 0.5190452642428864 0.4159333942884489 0.013319047355046602 0.025646600627522664
0 0.5040930160203061 0.4582884658308549 0.016074889457833072 0.03041093872121939
0 0.4650466555957845 0.646868916961386 0.010563205252260132 0.020882262533825725
0 0.5292702373634596 0.9886679549176868 0.031355929797317356 0.02266409016462637
0 0.5081433408430059 0.9477516469300983 0.02382158243285891 0.044677011309496535
0 0.4921615390561747 0.8861740103798864 0.01714689121172365 0.03139074803277224
0 0.5160867258690545 0.8326894026948282 0.0226889105045205 0.041845350146091836
0 0.5040636529649485 0.650278432811283 0.020423566647843453 0.03618202781928243
0 0.479693713544762 0.7491872942523385 0.01751604910893718 0.026788060095956072
0 0.47325215834426565 0.866182215417901 0.01714689121172365 0.03139074803277224
0 0.48468175298377175 0.6845206587479977 0.016322707006150832 0.02210454708069952