0 0.5075528013509253 0.05138460101871891 0.03906393603518398 0.04217520016009036
0 0.49760490012383457 0.11824967758023341 0.04347462076072072 0.09144327850911858
0 0.5495405687891198 0.22500894861446505 0.04171805514177175 0.08393886896423408
0 0.5234747211179639 0.5598796045811808 0.03379567521352105 0.05941211824860046
0 0.6242667027829039 0.6955557007802148 0.03929510697527784 0.0708465698179684
0 0.6059819553323993 0.9896047122042866 0.027605602701850765 0.020790575591426778
0 0.617606505994353 0.907758813666274 0.037708348772909045 0.06982364175456533
0 0.59100047711382 0.8746767969164208 0.030428093189834728 0.04995885471438694
0 0.5751300230197657 0.7849472228360638 0.035309658808783694 0.05765726853422553
0 0.5677334639490526 0.7308716776053648 0.025074210642289783 0.044079958700574566
0 0.587905402259045 0.69699602127612 0.03315355086834444 0.05475015457314519
0 0.5197518050719728 0.43762504831313276 0.02874430217799168 0.04523222294728018
0 0.5090140376337783 0.26594074346692814 0.026612452439921223 0.043251034912125556
0 0.46927514143888516 0.14838341545843908 0.028841334987466164 0.04893592665098388
0 0.44818067342129325 0.12719881324091684 0.02339041963044674 0.03935332693346775
0 0.4604352579261788 0.2079219197271104 0.018581628618603692 0.03443269089140689
0 0.5066417985237371 0.4830321583492226 0.01588042914246254 0.030567316958574876
0 0.5429874570563311 0.7191667922663719 0.020640703749568463 0.033636101148783834
0 0.5778248375354583 0.9473502206985868 0.020241161428078178 0.0382333967325874
0 0.5695435720958827 0.8793534525331731 0.019720328094744843 0.038201062686761766
0 0.5555074843510271 0.9390315793065505 0.01474172966632139 0.026798945163219682
0 0.5367959871084164 0.8301750205384965 0.018436079404391847 0.028877135335851227
0 0.5512651710068869 0.8564948357158402 0.01855737041623513 0.033506764965480856
0 0.5222090636871232 0.7298943004474684 0.01627997146395271 0.025970021374770887
0 0.5293202298712091 0.7631526793677471 0.020095612213866333 0.03267784117703206
0 0.4958741445392571 0.6575412669603276 0.01850885401149777 0.031654913113629
0 0.44052445430044496 0.2616888164408496 0.02343893603518398 0.04120517878531966