0 0.7574883250344615 0.9086640259644524 0.06543736661019703 0.10747884511709058
0 0.8926396811919017 0.9424132026160746 0.0819775560774417 0.11517359476785075
0 0.882869353026124 0.7656462921967508 0.049701299962353576 0.07184112121154419
0 0.7994118679106653 0.7111519374599328 0.03849078417733788 0.06316838383793984
0 0.7434955538701288 0.6992212457819258 0.040483112248999475 0.06045525444878518
0 0.7055503152468887 0.6479929263980883 0.0344505947100932 0.05101821212081261
0 0.6424816538654229 0.6872814215888348 0.038460449090113966 0.06224245791201392
0 0.4015731213713884 0.6089003888837629 0.030314263130650568 0.05181484126949272
0 0.3083005344832157 0.5198073708474146 0.03193743330509851 0.05371517941281165
0 0.23687542394104877 0.48793120971313475 0.027588756115088132 0.04803032708001006
0 0.22144992742530092 0.44157260822223926 0.02155623857618192 0.038593284752037486
0 0.27105813971665266 0.46303965800517727 0.025232406996739225 0.03963234535805361
0 0.3302410985002232 0.48665755843734865 0.023669906996739223 0.039583859066586534
0 0.38105782043797337 0.5030643398220055 0.02813992453564538 0.04897241510309161
0 0.4080804835968588 0.5057566207259566 0.020453901735067368 0.03670910870587418
0 0.4158325564303774 0.5555845755117974 0.023669906996739105 0.039583859066586534
0 0.49123670024940796 0.48192134318767743 0.023548566647843452 0.035880155362882825
0 0.5535297344973331 0.5538328506423987 0.020453901735067368 0.03670910870587418
0 0.64009705206918 0.6088871409251144 0.026456084186749725 0.04522022510792062
0 0.6924860616920493 0.5613888713237265 0.021495568401734035 0.03674143290018563
0 0.7090719967980964 0.5961976418862815 0.02155623857618186 0.038593284752037486
0 0.7246741239786952 0.5735101135070724 0.016165894719505046 0.03287610822492423
0 0.6677436669254863 0.5050090488132274 0.016656392965614466 0.031966344396154145
0 0.5406199678118432 0.518211288834008 0.015463050862827761 0.02730439057221306
0 0.5220291055157857 0.48890150648696357 0.01583220876004153 0.02269092303973905
0 0.42311370638802515 0.4765633677195325 0.016595722791166403 0.03011449254430229
0 0.3021613581230925 0.43666224482539634 0.018679056124499736 0.03017914093292541
0 0.33971199760445464 0.4521939297696185 0.018739726298947563 0.032030992784777265
0 0.317149078283423 0.40885788070786105 0.01307636665725506 0.017980482924330785
0 0.35693986338476436 0.43558148724897305 0.01558439121172365 0.03100809427591676
0 0.37291371688783975 0.42541820201549757 0.016535052616718577 0.02826264069245044
0 0.4079056923333712 0.4394801875850521 0.01365787016503622 0.019848496873338364
0 0.42558369057948053 0.4409556248142737 0.01546305086282788 0.02730439057221306
0 0.4407256546011939 0.4164000824860571 0.012676873672817498 0.021668024530878762