0 0.814880927557981 0.9527831238518342 0.0701605186188696 0.09443375229633165
0 0.9602037533909019 0.9727901513303228 0.07476613146373978 0.054419697339354416
0 0.9290736499311806 0.8140138462686836 0.044946582240213216 0.07946223276010692
0 0.8446643504061505 0.7529901943991539 0.04204216267140405 0.06906141910942278
0 0.784796920133283 0.7401819321688602 0.035353216493200536 0.07127856287690364
0 0.7390668732088914 0.6782044777685965 0.03497107643592846 0.058315599913940676
0 0.6773971779351989 0.7188196022368579 0.03721818407952118 0.06404365824189531
0 0.41275446404263716 0.6243990677293901 0.03329939356242211 0.05448251913093777
0 0.312286755049849 0.5209426299028133 0.031188764510712137 0.05338409043261276
0 0.231986208728465 0.4847363320754692 0.0291873183325085 0.055989365437991455
0 0.21173494421775285 0.4322578811979516 0.02414497399361295 0.04356419716305637
0 0.2667352376369944 0.45620896057132176 0.02329437735558244 0.049959427258338414
0 0.3331518134699154 0.4884946497537443 0.02367873209703279 0.04537292332180856
0 0.3855899911421444 0.5048442561007581 0.03118876451071202 0.05338409043261276
0 0.4153309752368084 0.517929005909043 0.02091079112010661 0.039601739300754044
0 0.4273864923481592 0.5655723418768476 0.026583151665841836 0.0557737369724927
0 0.6690874585398561 0.639619953062507 0.02521393637865638 0.04457637447518184
0 0.741965396313136 0.6267191943080926 0.024254156867119056 0.04726790086676028
0 0.7577301969312863 0.6063183943814761 0.019266403964976794 0.036694584443677056
0 0.7253441025923908 0.5916291272188035 0.01921181252822374 0.03484273259182499
0 0.5730696992304213 0.5725549433521898 0.019239108246600266 0.035768658517751135
0 0.5589979807395894 0.5358286528765475 0.014305946781210822 0.027047193946519967
0 0.5005200576656306 0.482032315408049 0.020965382556859778 0.0414535911526059
0 0.42943884818272976 0.48538335471264 0.018581796321384066 0.03109590319502163
0 0.3004278446775798 0.43590710816775824 0.020280774913266932 0.035854909903950676
0 0.3391458261716052 0.45389166142540593 0.013236984396167746 0.0260350166343945
0 0.35584200324082665 0.43864814263103163 0.011619892959414575 0.02405378770324323
0 0.31180761288205083 0.40775389528893613 0.01315509724103805 0.023257238856616617
0 0.3736753819910329 0.42673161596359754 0.01482678011454439 0.027090319639619633
0 0.4119134737292898 0.4460619324170344 0.0159776296547174 0.03088027472952288
0 0.42990951944766637 0.4484756947549023 0.012634263907704717 0.023214113163516847
0 0.4356567633418778 0.41431410654297707 0.010496339137618094 0.02118975853926591
0 0.5354273241739739 0.5029341667081891 0.01159259724103805 0.023127861777317304
0 0.6924017680530425 0.5316341782254099 0.014387833936340636 0.029824971724297534