0 0.4986979166666667 0.46064814814814814 0.016145833333333335 0.025
0 0.4109375 0.4324074074074074 0.014583333333333334 0.024074074074074074
0 0.6885416666666667 0.4546296296296296 0.013541666666666667 0.027777777777777776
0 0.721875 0.5027777777777778 0.014583333333333334 0.03148148148148148
0 0.75078125 0.5023148148148148 0.016145833333333335 0.023148148148148147
0 0.7385416666666667 0.5300925925925926 0.019791666666666666 0.030555555555555555
0 0.6770833333333334 0.5569444444444445 0.019791666666666666 0.03796296296296296
0 0.6856770833333333 0.6351851851851852 0.03177083333333333 0.053703703703703705
0 0.7817708333333333 0.6166666666666667 0.03125 0.053703703703703705
0 0.8361979166666667 0.6087962962962963 0.03177083333333333 0.06018518518518518
0 0.87578125 0.6337962962962963 0.034895833333333334 0.06018518518518518
0 0.73984375 0.5777777777777777 0.0296875 0.044444444444444446
0 0.8236979166666667 0.8166666666666667 0.05677083333333333 0.09444444444444444
0 0.9567708333333333 0.8078703703703703 0.06666666666666667 0.10833333333333334
0 0.271875 0.5638888888888889 0.027083333333333334 0.04259259259259259
0 0.44479166666666664 0.6333333333333333 0.03229166666666667 0.04814814814814815
0 0.4505208333333333 0.5768518518518518 0.020833333333333332 0.03888888888888889
0 0.4127604166666667 0.5324074074074074 0.021354166666666667 0.040740740740740744
0 0.4361979166666667 0.5361111111111111 0.019270833333333334 0.02962962962962963
0 0.36171875 0.5328703703703703 0.0203125 0.030555555555555555
0 0.34453125 0.5699074074074074 0.027604166666666666 0.04537037037037037
0 0.30052083333333335 0.5236111111111111 0.016666666666666666 0.025
0 0.24270833333333333 0.5222222222222223 0.022916666666666665 0.037037037037037035
0 0.3255208333333333 0.49907407407407406 0.01875 0.027777777777777776
0 0.3390625 0.4652777777777778 0.014583333333333334 0.025
0 0.39479166666666665 0.4638888888888889 0.0125 0.024074074074074074
0 0.4479166666666667 0.4981481481481482 0.015625 0.03148148148148148
0 0.4296875 0.4689814814814815 0.011458333333333333 0.023148148148148147
0 0.36666666666666664 0.5 0.014583333333333334 0.025925925925925925
0 0.5432291666666667 0.48194444444444445 0.011458333333333333 0.017592592592592594