0 0.5087564158396003 0.02887947921769845 0.03144550165413283 0.04753466123058834
0 0.4641373900609421 0.11131081891251987 0.034413541356328875 0.061450484516750184
0 0.4076411407514167 0.5576068065386846 0.029556233939748468 0.054920521120177285
0 0.4206976047717713 0.7452926538798678 0.029459201130273983 0.05121681741647358
0 0.40719942838669804 0.8826903031702307 0.030924668320799497 0.047529274351133896
0 0.42631114736945147 0.928733724802293 0.024456344499481968 0.03913129846434534
0 0.43581673401105064 0.8343620032304854 0.027036252963780073 0.038232306935692496
0 0.4458317429023907 0.7205458372142335 0.025522269368517196 0.040067998149180536
0 0.4580199763595586 0.6331481879238706 0.029459201130273983 0.05121681741647358
0 0.46327255659101696 0.5817997006308911 0.021210053487638922 0.0344693475579881
0 0.44326400213821665 0.5501027439712262 0.03030680217799168 0.043820183767975446
0 0.5017815032399698 0.14596870725141867 0.02450486090421921 0.04098315031619719
0 0.5370205414944238 0.03380269377760314 0.026043102701850767 0.04007338502863504
0 0.5529851563275845 0.021001337198277827 0.018144980975968394 0.016849820568122665
0 0.5483261840365652 0.06957743359293411 0.019078203749568465 0.032595948188317986
0 0.497826698236293 0.3168074274642066 0.020119870416235013 0.032606721947227184
0 0.5113127069212423 0.34890001109365215 0.014668955059215468 0.023293593893421977
0 0.5155300054464825 0.45638014137369654 0.022227461951936908 0.033554195390971445
0 0.4852388838586953 0.5685973302023306 0.016401262475795875 0.029791236013267264
0 0.4594497356651835 0.7873714168248105 0.019078203749568347 0.03259594818831812
0 0.46588382623572405 0.7207532320732352 0.014123863523513573 0.02236228108804152
0 0.4805527812949395 0.697750529670361 0.012985164047372422 0.01864780362542854
0 0.4787512507602736 0.776456926813792 0.012537105321145011 0.02142019452375179
0 0.4934473360922256 0.6728771213375437 0.01469321326158403 0.024219519819348112
0 0.49855508512706426 0.6071713953132578 0.017345896332988057 0.02609830606847262
0 0.5047879685016757 0.5780612908808643 0.012512847118776331 0.02049426859782586
0 0.52433134760286 0.5778003358974484 0.01139840584500386 0.01770571706113902
0 0.518681417701627 0.39574815386391216 0.01248858891640765 0.019568342671899934
0 0.5660744561624718 0.13783499712803673 0.015710621725882133 0.0233043676523312