0 0.45338541666666665 0.6671296296296296 0.033854166666666664 0.058333333333333334
0 0.45755208333333336 0.6125 0.021354166666666667 0.03796296296296296
0 0.41796875 0.5671296296296297 0.0203125 0.03981481481481482
0 0.44479166666666664 0.5680555555555555 0.01875 0.026851851851851852
0 0.35182291666666665 0.6018518518518519 0.0265625 0.044444444444444446
0 0.8424479166666666 0.8643518518518518 0.05572916666666667 0.08981481481481482
0 0.9130208333333333 0.6773148148148148 0.041666666666666664 0.06759259259259259
0 0.8596354166666667 0.6537037037037037 0.03177083333333333 0.05555555555555555
0 0.7049479166666667 0.674074074074074 0.0296875 0.05185185185185185
0 0.7604166666666666 0.5416666666666666 0.014583333333333334 0.02962962962962963
0 0.7505208333333333 0.6152777777777778 0.030208333333333334 0.041666666666666664
0 0.7966145833333333 0.663425925925926 0.028645833333333332 0.05648148148148148
0 0.6997395833333333 0.6027777777777777 0.0234375 0.03888888888888889
0 0.73046875 0.5407407407407407 0.0140625 0.025925925925925925
0 0.7489583333333333 0.5703703703703704 0.013541666666666667 0.027777777777777776
0 0.5971354166666667 0.5708333333333333 0.021354166666666667 0.030555555555555555
0 0.5734375 0.5402777777777777 0.0125 0.019444444444444445
0 0.5515625 0.5189814814814815 0.014583333333333334 0.023148148148148147
0 0.45598958333333334 0.4708333333333333 0.009895833333333333 0.01574074074074074
0 0.2794270833333333 0.5962962962962963 0.027604166666666666 0.046296296296296294
0 0.30807291666666664 0.5587962962962963 0.021354166666666667 0.03425925925925926
0 0.3377604166666667 0.5296296296296297 0.015104166666666667 0.024074074074074074
0 0.365625 0.562962962962963 0.019791666666666666 0.03333333333333333
0 0.25546875 0.5537037037037037 0.0203125 0.03333333333333333
0 0.45598958333333334 0.5324074074074074 0.0171875 0.02962962962962963
0 0.40572916666666664 0.500462962962963 0.0125 0.026851851851851852
0 0.34713541666666664 0.4981481481481482 0.015104166666666667 0.024074074074074074
0 0.43802083333333336 0.5041666666666667 0.010416666666666666 0.025