0 0.8036401679305398 0.8487618867341347 0.0628333131662527 0.1037913035105425
0 0.9493085333675424 0.8734112472457672 0.06078331114954475 0.11391184030710477
0 0.9247714471728068 0.6973028518630804 0.051817030054229225 0.07937782539619784
0 0.8475426680941995 0.6552503977976878 0.03562271480580463 0.06406198556955453
0 0.779785852845775 0.6425366556131215 0.036137487899751616 0.06222629581485829
0 0.739271278587628 0.5979558848093592 0.03558635336948631 0.05295087445844342
0 0.6844688076662351 0.644105430503736 0.03457498789975162 0.06217780952339101
0 0.44052336494602334 0.5919470697504081 0.032991277061899166 0.05564784175044224
0 0.3425913740539416 0.5107182037078533 0.03141059634373988 0.050043799903419395
0 0.27039080981387104 0.49304924675651823 0.03453862646343306 0.0510666984122799
0 0.25435994740193046 0.4490977462753244 0.02199317466803503 0.03678991919165292
0 0.36332774355709235 0.48044209019199335 0.019410218839220762 0.04319059018735566
0 0.4107614533865907 0.4905454134248936 0.023585975864967187 0.04609766474237947
0 0.4365517937456704 0.49252316739346136 0.020424614428648624 0.034889581048333784
0 0.4484220497303307 0.5384558165037531 0.024612491933167745 0.041500359307061294
0 0.5331618318994639 0.4881362094821797 0.02827347586496707 0.046243123616781116
0 0.586930385080372 0.5239715134751366 0.020415524069568865 0.032111803270556
0 0.6701457173726194 0.5649121774973118 0.02253218871952759 0.04236163684436431
0 0.713477734481906 0.5154144942366581 0.016233706804436327 0.027352876863680344
0 0.7365065155772214 0.548962621221064 0.020418554189262274 0.03303772919648193
0 0.7559529222258116 0.5224306166517971 0.017284463830182516 0.03016297883576958
0 0.6940387295055999 0.46462360294253213 0.017811357402902198 0.032030992784777265
0 0.5709389142244432 0.49205705003097977 0.013623479898383313 0.02542021452604954
0 0.4510336180692813 0.4610521101545817 0.01571590359079617 0.028262640692450543
0 0.48992037112707537 0.40613624916419616 0.01412916263325054 0.020806746993575743
0 0.4524809735209395 0.4258184386779293 0.012042799180224032 0.01981617267902691
0 0.4363305950080663 0.42493057480086877 0.012581813231716647 0.025387890331738088
0 0.40061108999902817 0.4130747154930752 0.015176889539303554 0.022690923039739155
0 0.38477567030729937 0.42884543723410357 0.0183261304968493 0.03019530303008103
0 0.34485010707558283 0.40508183766651895 0.013605299180224033 0.019864658970494196
0 0.33582642733304563 0.4331424521445225 0.020951508001368305 0.036757594997341464
0 0.3671143038292107 0.4437468003892512 0.017793176684743155 0.02647543722922171