0 0.1240286964711808 0.6399599295274899 0.06920870058168012 0.12026493707045284
0 0.006481741534059069 0.5678084913316667 0.012963483068118137 0.1263577234040741
0 0.04507649656177147 0.40576222706259274 0.054876739524405964 0.08639282460851855
0 0.13576160204839163 0.41461549797281916 0.04948630511830305 0.08154768332744858
0 0.2024192243244508 0.4507612583574489 0.04450744340187178 0.07394631543374494
0 0.2517544947458109 0.4365725885947124 0.044773335233327674 0.06748638511740755
0 0.29760437489957414 0.5242573218489716 0.051194485976518676 0.08531604052658437
0 0.5525233737815092 0.6549079850806798 0.04477333523332779 0.06748638511740755
0 0.6661578755974698 0.6373515901121409 0.04254432104177871 0.06369647675312747
0 0.7419482913141392 0.6734115329238283 0.044398182758210204 0.07116853765596716
0 0.7717540963484084 0.6384749603130669 0.02886792384647497 0.04649103095786005
0 0.7196179173061533 0.6177689985324292 0.030612524919244776 0.05118531408292197
0 0.6555153065397192 0.5896121399264619 0.02987317029858782 0.04560820736222232
0 0.6028947143786847 0.567958701054754 0.03719030685022962 0.05977726139798362
0 0.5750920211448807 0.5519693477395893 0.024107583417367094 0.04444521861971196
0 0.5527836691221139 0.5886073011338281 0.026966691585911206 0.05103445592691371
0 0.49349221722867637 0.46466021152481557 0.02514925008403376 0.04448832095000004
0 0.32674723496811253 0.4531234334665231 0.03187271287323471 0.05678397196876551
0 0.4222946817498039 0.47098851232448624 0.02418042384647497 0.046297070471563805
0 0.3004158698718617 0.37320208893218154 0.025039989440372067 0.04171054317222227
0 0.26901292923594766 0.3890601998183132 0.025597242988259338 0.042658020263292185
0 0.2584905711514375 0.3515274859829634 0.02072764191548977 0.037834430147366316
0 0.33081534866857204 0.33643521563471246 0.01838936708027911 0.031266744005308655
0 0.47630102667679614 0.43751703185588553 0.016608345792955604 0.025646534954321017
0 0.5514958626920534 0.4290355499799802 0.02113921460516129 0.035078203534732524
0 0.5707595575737502 0.5095918797108033 0.018680728796710375 0.03867415141271606
0 0.6893201967232824 0.5325826520843425 0.013301244720185916 0.020887598333827015
0 0.6457887180106058 0.5252167986566882 0.02043628019905839 0.030427022739958905
0 0.6316678971368948 0.4995918148675112 0.01664476600750954 0.026572460880246944
0 0.5973912074509778 0.48240714606212026 0.01838936708027911 0.031266744005308655
0 0.5789871994892402 0.47283500782063875 0.019394613532391723 0.030383920409670816