0 0.8190104166666666 0.8060185185185185 0.05364583333333333 0.09537037037037037
0 0.9520833333333333 0.7935185185185185 0.058333333333333334 0.09074074074074075
0 0.9135416666666667 0.6277777777777778 0.034375 0.06111111111111111
0 0.834375 0.6 0.03229166666666667 0.05185185185185185
0 0.7796875 0.6078703703703704 0.026041666666666668 0.05648148148148148
0 0.7354166666666667 0.5666666666666667 0.027083333333333334 0.044444444444444446
0 0.68203125 0.6240740740740741 0.028645833333333332 0.04814814814814815
0 0.4388020833333333 0.625 0.025520833333333333 0.040740740740740744
0 0.34270833333333334 0.5638888888888889 0.023958333333333335 0.040740740740740744
0 0.26848958333333334 0.5574074074074075 0.021354166666666667 0.044444444444444446
0 0.24765625 0.5162037037037037 0.018229166666666668 0.03425925925925926
0 0.2984375 0.5199074074074074 0.016666666666666666 0.03981481481481482
0 0.35989583333333336 0.5273148148148148 0.017708333333333333 0.03611111111111111
0 0.4078125 0.525 0.023958333333333335 0.040740740740740744
0 0.4354166666666667 0.5273148148148148 0.015625 0.030555555555555555
0 0.44869791666666664 0.5666666666666667 0.019270833333333334 0.044444444444444446
0 0.6703125 0.5541666666666667 0.01875 0.03425925925925926
0 0.73515625 0.5185185185185185 0.018229166666666668 0.037037037037037035
0 0.7481770833333333 0.4949074074074074 0.0140625 0.028703703703703703
0 0.7182291666666667 0.49212962962962964 0.014583333333333334 0.026851851851851852
0 0.5802083333333333 0.525 0.014583333333333334 0.027777777777777776
0 0.565625 0.49583333333333335 0.010416666666666666 0.021296296296296296
0 0.51015625 0.46620370370370373 0.015104166666666667 0.032407407407407406
0 0.44609375 0.4930555555555556 0.0140625 0.023148148148148147
0 0.32734375 0.49027777777777776 0.015104166666666667 0.026851851851851852
0 0.36328125 0.4935185185185185 0.009895833333333333 0.020370370370370372
0 0.3776041666666667 0.4740740740740741 0.008333333333333333 0.018518518518518517
0 0.33619791666666665 0.46064814814814814 0.009895833333333333 0.017592592592592594
0 0.39296875 0.45787037037037037 0.0109375 0.021296296296296296
0 0.4283854166666667 0.46296296296296297 0.011979166666666667 0.024074074074074074
0 0.44479166666666664 0.4587962962962963 0.009375 0.017592592592592594
0 0.44817708333333334 0.42592592592592593 0.0078125 0.016666666666666666
0 0.5424479166666667 0.4736111111111111 0.008854166666666666 0.017592592592592594
0 0.6854166666666667 0.4486111111111111 0.010416666666666666 0.023148148148148147