0 0.45561039474303394 0.0002046797068021125 0.03357087718059878 0.000409359413604225
0 0.4728133052946125 0.03423894329684513 0.02902477891566614 0.06066022728555817
0 0.4362215185099677 0.14335714819790601 0.027983112248999475 0.060606343899931296
0 0.4118381126019353 0.5781417704670273 0.02553575786897871 0.04938746601756655
0 0.43180835399718565 0.8890791522838478 0.03080476137675987 0.0515087347975526
0 0.43613110392659843 0.7571347078394034 0.028964108741218197 0.05880837543370637
0 0.46319107842459734 0.6374172839906868 0.023669906996739223 0.040047381679866906
0 0.44228655820779716 0.5613148453524768 0.022658575417296472 0.04091942422016591
0 0.49106472041915006 0.42938170098729794 0.02155623857618186 0.03901368898268713
0 0.4763662939649107 0.1717843100211998 0.02419074033007256 0.040074323372680264
0 0.49867809828846166 0.054161213259655956 0.02311873857618186 0.03909451406112747
0 0.517680809679339 0.029607142900074414 0.01809755261671858 0.028666853640621315
0 0.5139367518244777 0.10421153416914505 0.017177226298947565 0.03231667395869817
0 0.5379837650021865 0.13994189910473023 0.01870939121172365 0.03147157311121252
0 0.4828496729935163 0.323043444631156 0.020914064893952873 0.03528304358616997
0 0.49883893704817023 0.3587284428423864 0.012156040339484165 0.021889013538192035
0 0.4890731213713883 0.5695247703010085 0.013930885950051911 0.0284513200981139
0 0.46770892401163594 0.5868061417172499 0.01775872980672884 0.03419546750336348
0 0.45923467495916837 0.7185031567412388 0.020024073663405893 0.03985878983017267
0 0.47514320745320293 0.7883935308261018 0.019012742083963138 0.040730832370471676
0 0.4782476600510981 0.7253766844775119 0.017177226298947565 0.03231667395869817
0 0.4955567434079606 0.7683882650177096 0.012737543847265442 0.023767807082857348
0 0.49306596880643383 0.6936442110994373 0.012125705252260133 0.02096308761226611
0 0.5029844319512018 0.668635694438165 0.01200436490336448 0.017259383908562406
0 0.5041749626207586 0.6084909217922 0.011084038585593585 0.020909204226639187
0 0.5083465231299849 0.5763848271908749 0.011084038585593465 0.020909204226639187
0 0.5261253143228852 0.5098358356657309 0.009430533323921726 0.018050601370421023