0 0.43692366702597274 0.9638645633398859 0.037059898227286205 0.034630953941625735
0 0.46342573985949137 0.914036634812301 0.03340379119290044 0.06606395350801601
0 0.43499787500318515 0.8096655753964916 0.03404596487512954 0.06977304409117424
0 0.4517299673412621 0.37415987088375846 0.03472361049510889 0.05867270673897241
0 0.4935289770817767 0.20283633152005762 0.03334312101845261 0.06421210165616421
0 0.5048589938143248 0.07952927042799912 0.030405268392322427 0.05399998207370605
0 0.5292877640075958 0.04593198000139096 0.022628240330072675 0.039109750946527
0 0.5235151771194232 0.1321319746235028 0.025232406996739107 0.03913668534379998
0 0.51480963144768 0.24012893666105598 0.024251410504520503 0.040977763436742656
0 0.5104908033289604 0.3309450937141609 0.029060250853416274 0.04472994905553757
0 0.5070748085671032 0.3777555283282388 0.02483291401230166 0.042835002168049044
0 0.48263600768074627 0.3951437281716887 0.023149073663405892 0.03911513782598164
0 0.5254852567332138 0.5262265805735306 0.026825242083963256 0.0400787719080896
0 0.49876289000537155 0.6408935648734759 0.022476564893952874 0.03448012131689737
0 0.5142439198450411 0.6124831374299157 0.013197707006150831 0.021425581403206318
0 0.5061317477755283 0.8737666286835736 0.020762389457833073 0.02983433104890394
0 0.47737509080231805 0.7911656022859326 0.019381899981176787 0.0353737259660959
0 0.48836506968504356 0.9119262127466289 0.024003592956202625 0.04930570989062146
0 0.5038129530042594 0.9381642690107894 0.018067217529494545 0.027029618873853082
0 0.5345300065685105 0.8341077247028101 0.015983884196161095 0.027008071356034953
0 0.5301421786380233 0.5729535185560624 0.014881547355046602 0.025145445745273828
0 0.5616304515091883 0.4526798033457429 0.017728394719505047 0.03257978754995421
0 0.5485340234657617 0.40279831469374383 0.013258377180598776 0.023277433255058173
0 0.547136041028197 0.36807878591124893 0.011695877180598776 0.02326127261669447
0 0.5501880147433668 0.31015724018605995 0.018891401735067367 0.036294265012567085
0 0.5565927446206829 0.211446471805039 0.00992103157003091 0.01676363049684929
0 0.537847881471209 0.19589427184520883 0.017207561386171712 0.032574400670499624
0 0.5419862954599817 0.28245487872064645 0.01665639296561423 0.031643087865119116
0 0.5279004366246471 0.40115924458034824 0.01711655612449974 0.0297966228927219
0 0.5344293182840887 0.2505777702693843 0.015493385950051912 0.027928610402506243