0 0.5179226909241356 0.9275150315744247 0.03484011890993391 0.06712001530995874
0 0.5294982017861567 0.785536647188437 0.0335862289226192 0.05781765372041171
0 0.5739352921919424 0.613003868509795 0.03048245125468393 0.05861427265547326
0 0.5440413175531836 0.5914158573087868 0.02653950527244362 0.04550045153650225
0 0.5157062981234415 0.6605470356833752 0.02818689460070279 0.049268808735637826
0 0.4991594675787001 0.4494139863194863 0.022224282281323345 0.03884656073386831
0 0.5303290092391699 0.3336851824242189 0.021661004283860544 0.03697315771687247
0 0.5539270176297333 0.17139069266835474 0.020725449277517783 0.04155968501621401
0 0.5995269053103538 0.1631020100158445 0.03588178557660058 0.06716311764024699
0 0.5720438924587725 0.053734220755597556 0.030621282610851116 0.041969157153950665
0 0.4832974539280869 0.8016633734636015 0.016282892294008634 0.029350238658024722
0 0.49873940551229873 0.8624304401076757 0.023393282940378887 0.04444521861971196
0 0.49185316704576915 0.9592755169398772 0.021809560608313915 0.04345463919835395
0 0.5085972251702314 0.7476698902933547 0.021161393282591943 0.0378775324776543
0 0.5194233195303499 0.60704806804854 0.02228794927751778 0.041624338511646194
0 0.4633890876419811 0.5233252653920789 0.013073002965749462 0.025517227963456856
0 0.4972781778953967 0.5830055465469143 0.016282892294008634 0.029350238658024722
0 0.47953844255938044 0.7057653866348361 0.014199558960675299 0.029264033997448542
0 0.49430398452459057 0.12405877918224353 0.0193866699619439 0.028553619722962956
0 0.5227490919010542 0.09378416294882794 0.019014392953064174 0.03501355003930045
0 0.5423139477946429 0.05065395249053579 0.019768671939110288 0.045220286389629646
0 0.49489907281323353 0.3997476422915851 0.01528367029147167 0.031158988179588485
0 0.46531897895980034 0.7777932612831282 0.012594614296545832 0.02734752865016461
0 0.47527982018940546 0.6107717745668525 0.015592280304156958 0.02192128008547343
0 0.4750790942325356 0.5793118442505151 0.010341502306694157 0.019853916582181025
0 0.4697447445999735 0.6757586116151858 0.014635502965749463 0.025581881458888938