0 0.48162082886910645 0.0032617827829832407 0.034675008928453724 0.006523565565966481
0 0.4958418330630737 0.05301479960608803 0.03455418749972535 0.07304750632916994
0 0.4525302543296463 0.1431735105333464 0.032928049242174615 0.06648519976924813
0 0.4052704675347928 0.5824332372274922 0.029793958062524457 0.06539762368644149
0 0.44073259009971 0.5759715724865486 0.025418194263905274 0.04388579384763792
0 0.45452953639330856 0.655309797680365 0.026980694263905272 0.043966618926078095
0 0.45891761891476457 0.6060336609101902 0.022247738365654614 0.03909451406112752
0 0.44482079883953124 0.7428048434952305 0.024906452110221976 0.04478477808075038
0 0.42272306493810347 0.7666215797785801 0.02701705898250566 0.0476703226297818
0 0.43802341856397625 0.8518974984124746 0.017432961850553142 0.0258890758628434
0 0.42952585254703113 0.9485844492545659 0.018062889339687752 0.037027128666767974
0 0.40885938799058646 0.9061570692949916 0.03131100216427392 0.060848819135252245
0 0.483250008660391 0.593206798120291 0.014856068722836823 0.02853214517655408
0 0.509377314937005 0.4770987820504311 0.020639782467404187 0.0343840593530575
0 0.4882997026529381 0.34399801558214976 0.01645493344143721 0.03231667395869817
0 0.49231622970855893 0.1735064075941189 0.023801147186004575 0.03824941321364187
0 0.524118155573939 0.06265758845886663 0.01799015990248686 0.029619721259360694
0 0.5412225169104495 0.043726427886874246 0.016939402056170158 0.02863991194780787
0 0.5361908701303837 0.10552950634986256 0.019095464826704264 0.036155086126469047
0 0.502811624595709 0.37702647363326297 0.015879553030203178 0.026734176710329148
0 0.5558851699141759 0.16744174329310138 0.01645493344143721 0.03231667395869817
0 0.5109599067928534 0.42195230607221157 0.013805310876519882 0.027552335865001228
0 0.4605815750843732 0.8076969209123478 0.018510993235820193 0.029646662952174024
0 0.46487742776268964 0.74130462535895 0.015915917748803566 0.030437880414032854
0 0.4796925861771008 0.7169391468490626 0.014298870670902868 0.02480149978003691
0 0.47945885159947477 0.793764057008101 0.014856068722836705 0.02853214517655408
0 0.4913645622322118 0.6945871703479076 0.013239021644936125 0.022895764542558348
0 0.49617670265403657 0.6286308960646594 0.013787128517219808 0.025700484013149377
0 0.502703983633365 0.6000668550101573 0.013220839285635813 0.021043912690706493
0 0.5215358042502161 0.5907636207355402 0.013239021644936007 0.022895764542558348