0 0.5410104245434438 0.9625072184084479 0.03023257429087896 0.00928278206529748
0 0.5854805988514273 0.501043363331532 0.031973851352778124 0.06400941383240424
0 0.5767680272582909 0.14008363612814598 0.034562867420978687 0.059541454431903125
0 0.5666417312013248 0.29068181597592124 0.03564089552396391 0.07071723363466563
0 0.5407559420719092 0.3242267956887375 0.025145445745273776 0.045996478644077694
0 0.5300332333162288 0.41839199512376984 0.026187112411940442 0.04606114673572908
0 0.524132864886896 0.4710624844426673 0.02253218871952759 0.043057030637171506
0 0.5477126068855277 0.5057023964687093 0.025145445745273776 0.045996478644077694
0 0.48916244636718104 0.6551409759116075 0.02618711241194056 0.046061146735728975
0 0.5463960674615244 0.19195901078603608 0.024109839317993455 0.047783662404278164
0 0.5558333585421842 0.09278205387297539 0.021999234907421557 0.039320992887642056
0 0.5230402070662918 0.2480275054549091 0.02252612848014124 0.04120517878531966
0 0.49903945205725375 0.2624778345258539 0.01310264656504998 0.025808351145642266
0 0.5018902262250186 0.346080126547196 0.017811357402902316 0.03258083903955503
0 0.4882576559675557 0.3746985895164418 0.014144313231716646 0.02587301923729365
0 0.48359725341784554 0.4462697252022565 0.01416249394987581 0.031428574792849315
0 0.4785266169036041 0.4840768986376006 0.015185979898383313 0.025937687328945035
0 0.45460447137964016 0.554066616241188 0.01832310037715601 0.029835395307603003
0 0.4700702164687978 0.6813211685842452 0.018843933710489345 0.029867729353428643
0 0.49501247056767783 0.7769751895839213 0.02358900598466036 0.047751328358452416
0 0.4800643550652113 0.7302276917276812 0.014671206804436327 0.02775720513497125
0 0.5009042695187781 0.4882420902226513 0.018843933710489345 0.029867729353428643
0 0.49602045866382116 0.9463226318908886 0.027752642531633735 0.04708407479913224