0 0.44036458333333334 0.6222222222222222 0.024479166666666666 0.040740740740740744
0 0.81796875 0.8 0.04114583333333333 0.07037037037037037
0 0.9520833333333333 0.7930555555555555 0.05520833333333333 0.08981481481481482
0 0.91875 0.6277777777777778 0.03229166666666667 0.053703703703703705
0 0.8356770833333333 0.5990740740740741 0.024479166666666666 0.046296296296296294
0 0.77890625 0.6041666666666666 0.024479166666666666 0.04537037037037037
0 0.7369791666666666 0.5666666666666667 0.029166666666666667 0.037037037037037035
0 0.6828125 0.6226851851851852 0.028125 0.049074074074074076
0 0.67109375 0.5513888888888889 0.015104166666666667 0.030555555555555555
0 0.7158854166666667 0.48935185185185187 0.011979166666666667 0.023148148148148147
0 0.73515625 0.5175925925925926 0.015104166666666667 0.03333333333333333
0 0.7479166666666667 0.4898148148148148 0.010416666666666666 0.020370370370370372
0 0.5809895833333333 0.5259259259259259 0.015104166666666667 0.022222222222222223
0 0.56328125 0.4935185185185185 0.0109375 0.018518518518518517
0 0.446875 0.5675925925925925 0.016666666666666666 0.03333333333333333
0 0.4348958333333333 0.5273148148148148 0.013541666666666667 0.026851851851851852
0 0.34036458333333336 0.5615740740740741 0.021354166666666667 0.03796296296296296
0 0.3567708333333333 0.5291666666666667 0.015625 0.032407407407407406
0 0.26848958333333334 0.5578703703703703 0.0203125 0.03796296296296296
0 0.24661458333333333 0.5162037037037037 0.013020833333333334 0.028703703703703703
0 0.29739583333333336 0.5189814814814815 0.016666666666666666 0.03425925925925926
0 0.3265625 0.48935185185185187 0.0125 0.023148148148148147
0 0.3359375 0.4587962962962963 0.009375 0.017592592592592594
0 0.3921875 0.45555555555555555 0.009375 0.018518518518518517
0 0.3768229166666667 0.4740740740740741 0.0109375 0.020370370370370372
0 0.4283854166666667 0.4625 0.009895833333333333 0.017592592592592594
0 0.44427083333333334 0.45555555555555555 0.007291666666666667 0.012962962962962963
0 0.44505208333333335 0.49166666666666664 0.011979166666666667 0.024074074074074074
0 0.45234375 0.42592592592592593 0.008854166666666666 0.016666666666666666
0 0.5403645833333334 0.4726851851851852 0.008854166666666666 0.021296296296296296
0 0.5104166666666666 0.4689814814814815 0.010416666666666666 0.019444444444444445
0 0.6854166666666667 0.44583333333333336 0.0125 0.021296296296296296