0 0.15725692622217693 0.8656372428789919 0.059281141771557404 0.08563930800374499
0 0.040552833066009784 0.6708660471686831 0.027036711757571948 0.07321357581884774
0 0.1265886915026857 0.6462351265895682 0.0401442481336409 0.06358872092740739
0 0.18816542400618205 0.6515559418543417 0.03942608285003584 0.058937540132633665
0 0.22979620187564792 0.6158446885612966 0.03550398478632211 0.05230520049514393
0 0.2937172994560642 0.6822658393546095 0.034817515630144416 0.06059543149818949
0 0.304788124074561 0.600461864571235 0.02200955477233677 0.04065531025543207
0 0.557061634172459 0.6885410992878609 0.035346119226104616 0.048601496791440435
0 0.547303318127396 0.6303690126054741 0.023485351729601214 0.05088359777090545
0 0.5590334159828765 0.5823290073706798 0.0222541233752897 0.03419537993909469
0 0.5887603823729307 0.5844833497098156 0.02593165283605051 0.047287649892921814
0 0.6430651814047877 0.5899654116255358 0.026657588382282427 0.0399233448158026
0 0.6608094035353218 0.6281334977450009 0.029419620609166468 0.04373480434522637
0 0.7405007886666354 0.6254230830760916 0.03113998616938384 0.04750316154436236
0 0.7608404845858294 0.5842093779650834 0.0222541233752897 0.03419537993909469
0 0.7056518844475232 0.5823879174227788 0.018971257815072324 0.030362369244526826
0 0.6724799942672609 0.5482029259786223 0.019050190595181014 0.03221422109637868
0 0.6168611489696704 0.5301885373151861 0.017653326418025254 0.02383778543275715
0 0.6332715916394437 0.5553613337239721 0.016651126141412932 0.024720609028395093
0 0.6604807868671071 0.516742608574651 0.01232659391452889 0.020844496003539242
0 0.6022697378352502 0.5110989129203507 0.013368260581195557 0.020887598333827227
0 0.5629232028422428 0.5150165799249596 0.01485182780108687 0.019100399977407454
0 0.5449583379735564 0.5082653217915439 0.014252061687644849 0.017226996960411505
0 0.5450534263558386 0.5470895571850007 0.016248691978242392 0.027476835641028773
0 0.5199185640450421 0.475803262296009 0.01889232503496352 0.02851051739267497
0 0.4732887477249149 0.5284070824020994 0.02277495670862303 0.03421693110423878
0 0.441521799522895 0.5210847183923668 0.01388909391452889 0.020909149498971113
0 0.4167469424692808 0.5436290468288483 0.014409927247862223 0.02093070066411521
0 0.4015444173659381 0.571190925867552 0.02093619197824251 0.027670796127325013
0 0.25797559371403617 0.5329000503758234 0.019933991701630245 0.028553619722963167
0 0.2337768844475233 0.5628625618022842 0.022893355878785944 0.036994708882016565
0 0.21768994316081153 0.5330816869290126 0.016288158368296852 0.02840276156695491
0 0.2837089919844351 0.48405303771102925 0.015688392254854952 0.02652935854995896
0 0.3526365907396796 0.4910644581767083 0.012247661134420202 0.01899264415168718