0 0.8045104240657925 0.7592592592592593 0.06479804274271478 0.09814814814814815
0 0.9509811111538191 0.7430555555555556 0.043917338865248706 0.11018518518518519
0 0.9241014155742265 0.5657407407407408 0.053918863616425484 0.07314814814814814
0 0.8397828305089665 0.5444444444444444 0.03622148061267107 0.06018518518518518
0 0.767150265781033 0.5504629629629629 0.037711140183562954 0.058333333333333334
0 0.7218832303861942 0.5162037037037037 0.037310517823469995 0.04814814814814815
0 0.6664692320340871 0.5810185185185185 0.03510697351689629 0.058333333333333334
0 0.4045793312908961 0.5986111111111111 0.03336237244412696 0.053703703703703705
0 0.29612388104535137 0.5421296296296296 0.033107430942249515 0.04722222222222222
0 0.21867087040168964 0.5449074074074074 0.03623243094224951 0.04722222222222222
0 0.19919781994933874 0.5037037037037037 0.02270171460516141 0.03425925925925926
0 0.31662752650872844 0.5041666666666667 0.01990449653614661 0.04259259259259259
0 0.36727583059300045 0.5009259259259259 0.024664836965254486 0.044444444444444446
0 0.39429905843971363 0.49583333333333335 0.021587207509386867 0.032407407407407406
0 0.41003522502234646 0.5393518518518519 0.025560822773705402 0.040740740740740744
0 0.4966700629375981 0.462037037037037 0.029352336965254484 0.044444444444444446
0 0.5559704378955812 0.4837962962962963 0.021477946865725055 0.02962962962962963
0 0.6466664937117799 0.5018518518518519 0.022920235892484677 0.03981481481481482
0 0.6895804920638872 0.43703703703703706 0.017129179126288818 0.025
0 0.7157952154127157 0.46574074074074073 0.02151436708027911 0.030555555555555555
0 0.734832886577267 0.43194444444444446 0.017795693317837903 0.028703703703703703
0 0.6658988795655262 0.3902777777777778 0.018389367080278874 0.030555555555555555
0 0.5370473812134191 0.4550925925925926 0.014004179126288818 0.025
0 0.4080136604624804 0.4583333333333333 0.01668118622206336 0.026851851851851852
0 0.44614363311341343 0.38935185185185184 0.014827324505632096 0.019444444444444445
0 0.40766576248524716 0.42083333333333334 0.012707570957744944 0.018518518518518517
0 0.3903325816270315 0.42453703703703705 0.01296251245962227 0.025
0 0.3518637553894726 0.42268518518518516 0.01594183160140664 0.021296296296296296
0 0.335921923788066 0.4439814814814815 0.01883735998450457 0.028703703703703703
0 0.29217918356576444 0.4305555555555556 0.014790904291078277 0.018518518518518517
0 0.2844122694969878 0.4625 0.021660047938494742 0.03425925925925926
0 0.3184358022939363 0.4648148148148148 0.018691679126288937 0.025