0 0.8200520833333333 0.8023148148148148 0.05364583333333333 0.08611111111111111
0 0.959375 0.7958333333333333 0.06145833333333333 0.09907407407407408
0 0.9302083333333333 0.625 0.04479166666666667 0.06111111111111111
0 0.8434895833333333 0.5949074074074074 0.034895833333333334 0.058333333333333334
0 0.7833333333333333 0.6 0.034375 0.05
0 0.7424479166666667 0.5634259259259259 0.030729166666666665 0.04722222222222222
0 0.6880208333333333 0.6259259259259259 0.035416666666666666 0.05185185185185185
0 0.4432291666666667 0.6222222222222222 0.027083333333333334 0.04259259259259259
0 0.26979166666666665 0.5611111111111111 0.022916666666666665 0.040740740740740744
0 0.33932291666666664 0.5625 0.025520833333333333 0.03981481481481482
0 0.3572916666666667 0.525 0.019791666666666666 0.03333333333333333
0 0.40989583333333335 0.5268518518518519 0.022916666666666665 0.040740740740740744
0 0.44973958333333336 0.5638888888888889 0.0203125 0.04259259259259259
0 0.43697916666666664 0.5254629629629629 0.015625 0.030555555555555555
0 0.5140625 0.4773148148148148 0.020833333333333332 0.03611111111111111
0 0.5822916666666667 0.5194444444444445 0.016666666666666666 0.03148148148148148
0 0.6731770833333334 0.5449074074074074 0.018229166666666668 0.03611111111111111
0 0.7125 0.48657407407407405 0.013541666666666667 0.026851851851851852
0 0.73359375 0.5125 0.0171875 0.032407407407407406
0 0.75078125 0.48657407407407405 0.0140625 0.028703703703703703
0 0.6895833333333333 0.44305555555555554 0.015625 0.030555555555555555
0 0.5651041666666666 0.4898148148148148 0.0125 0.024074074074074074
0 0.5421875 0.4722222222222222 0.011458333333333333 0.016666666666666666
0 0.4473958333333333 0.487962962962963 0.0125 0.024074074074074074
0 0.46901041666666665 0.42592592592592593 0.013020833333333334 0.024074074074074074
0 0.37890625 0.4689814814814815 0.015104166666666667 0.023148148148148147
0 0.32864583333333336 0.48703703703703705 0.016666666666666666 0.027777777777777776
0 0.3380208333333333 0.45694444444444443 0.010416666666666666 0.017592592592592594
0 0.3653645833333333 0.49166666666666664 0.0140625 0.020370370370370372
0 0.39453125 0.4550925925925926 0.011979166666666667 0.021296296296296296
0 0.42734375 0.45694444444444443 0.0109375 0.019444444444444445
0 0.44479166666666664 0.45231481481481484 0.011458333333333333 0.019444444444444445