0 0.6973958333333333 0.49675925925925923 0.015625 0.026851851851851852
0 0.7255208333333333 0.5444444444444444 0.015625 0.027777777777777776
0 0.7552083333333334 0.5402777777777777 0.016666666666666666 0.025
0 0.7419270833333333 0.5703703703703704 0.0171875 0.03333333333333333
0 0.5888020833333333 0.5726851851851852 0.018229166666666668 0.030555555555555555
0 0.6986979166666667 0.6736111111111112 0.03177083333333333 0.05462962962962963
0 0.6869791666666667 0.6069444444444444 0.028125 0.04351851851851852
0 0.8575520833333333 0.6569444444444444 0.03697916666666667 0.058333333333333334
0 0.90703125 0.6782407407407407 0.04114583333333333 0.06388888888888888
0 0.8390625 0.8694444444444445 0.058333333333333334 0.0962962962962963
0 0.7919270833333333 0.6597222222222222 0.0328125 0.05648148148148148
0 0.44244791666666666 0.6625 0.034895833333333334 0.05648148148148148
0 0.3458333333333333 0.6046296296296296 0.027083333333333334 0.046296296296296294
0 0.27109375 0.5939814814814814 0.03177083333333333 0.05462962962962963
0 0.24557291666666667 0.5523148148148148 0.0203125 0.03796296296296296
0 0.29921875 0.5574074074074075 0.0234375 0.040740740740740744
0 0.3580729166666667 0.5657407407407408 0.0234375 0.040740740740740744
0 0.3966145833333333 0.5652777777777778 0.0234375 0.03796296296296296
0 0.43984375 0.5722222222222222 0.0171875 0.02962962962962963
0 0.44869791666666664 0.5347222222222222 0.0171875 0.028703703703703703
0 0.33125 0.5254629629629629 0.016666666666666666 0.028703703703703703
0 0.40182291666666664 0.4689814814814815 0.015104166666666667 0.023148148148148147
0 0.4309895833333333 0.5013888888888889 0.0109375 0.019444444444444445