0 0.8265718027300294 0.9663824136722869 0.06936672810177029 0.0672351726554262
0 0.9503999136901631 0.831835505349802 0.022907807929953585 0.071448038082908
0 0.8782851486893383 0.7743195521129964 0.0454128241367935 0.07631023457758972
0 0.8132890575540889 0.7584383696649097 0.043577366953027524 0.06697015023989007
0 0.7744530344498444 0.7044985366200163 0.03927422169447776 0.062124987067752754
0 0.7081216677983204 0.7516072588277057 0.04519445838978082 0.06890282717018231
0 0.4468864893344751 0.659734021523364 0.03491648499917517 0.055427972043764
0 0.2688699246200112 0.5318263230593615 0.03014709784404547 0.052407719030665066
0 0.3432148273789732 0.5579281490467193 0.03327209784404547 0.05256936918754583
0 0.3671550834847617 0.5243913613082883 0.02625560304532281 0.04388579384763792
0 0.423133233643085 0.5453700905341021 0.03014709784404547 0.052407719030665066
0 0.46117435888814134 0.5997324740027385 0.027049393562421996 0.05317199479971064
0 0.45261601575526067 0.5538502114689129 0.02091079112010661 0.03898674728987367
0 0.5409621830249347 0.5296727121578672 0.027351861148742766 0.04579152908511648
0 0.608541789161009 0.5994731318521652 0.0219797535051498 0.03996655660142652
0 0.7024906105842689 0.6595095250760241 0.024199565430366003 0.04470395300231
0 0.7521826062875027 0.6106127427723785 0.018170145861557074 0.03422240919617673
0 0.7714715168483807 0.646385691014325 0.023048715890193232 0.04094636591297937
0 0.7932340119486071 0.6247916443880841 0.019266403964976794 0.03612814443365551
0 0.7331928412866779 0.5558448422025438 0.02091079112010661 0.03898674728987367
0 0.5940086178960724 0.561627844030725 0.016498462988050733 0.030437880414032854
0 0.5718698792031383 0.5340535206580447 0.01471759724103805 0.022949647928185272
0 0.46831847354203393 0.5166416159047262 0.016498462988050733 0.030437880414032854
0 0.49951977856984525 0.45797863636350034 0.0175401296547174 0.030491763799659777
0 0.397384068483937 0.47216945070932387 0.019650758706427258 0.031525456496839445
0 0.34127165441790897 0.47343988539854565 0.02187057063164346 0.03626285289772282
0 0.3554263674059597 0.4444972689356588 0.013675930574371383 0.02289576454255824
0 0.3801168960129855 0.4916776869096642 0.017951780114544392 0.026815001788769534
0 0.41617390471941273 0.4629406956190158 0.015895742499587584 0.027633160943441613
0 0.45072854157303877 0.47631986311159047 0.014251355344457768 0.02477455808722345
0 0.4699857270471838 0.4777796687086508 0.014772188677791221 0.024801499780037123