0 0.11830120450658187 0.7888424746255549 0.06336699105450982 0.10063508418509931
0 0.025400214374922715 0.5738516205603267 0.05080042874984543 0.09203765071940401
0 0.10945123817829376 0.5635422213655148 0.04322836829088234 0.07516505226854077
0 0.18253168928878963 0.586010446527889 0.04462398570813348 0.07064860840992347
0 0.22806423478528284 0.5614584632239603 0.04376938720930242 0.061351620560326704
0 0.2806959808785521 0.644180261798599 0.04440354102374814 0.0789442131529193
0 0.5431432171527 0.7226056449492662 0.038948381143103464 0.057308359543586214
0 0.7341217687153921 0.7048762346457733 0.028885665227021205 0.0519618866975457
0 0.7608608449027923 0.6729286392760103 0.027156282644272285 0.04721907129690374
0 0.7090678074258636 0.6538591381693222 0.027089529611172718 0.045367219445051885
0 0.6803614173372701 0.6100042132630853 0.021093350812107777 0.037544797543932876
0 0.6568245861634049 0.6834950696495887 0.03214417129322034 0.055891961943274074
0 0.6403244028915951 0.641452692542207 0.022956239461055836 0.04599131664827854
0 0.5890355104897248 0.6228838829888192 0.029373122043804756 0.05107368936195708
0 0.5598921275470644 0.6128818472643848 0.02119348036175713 0.04032257532171065
0 0.542925471419342 0.6562132982938754 0.02611461597760562 0.04714361411622892
0 0.4702781166482089 0.5492971709205549 0.02383102354497358 0.041437144199323726
0 0.4257868386304902 0.5377191788182036 0.013788493213978133 0.022239511054731844
0 0.40202916358434765 0.5666335406940816 0.025260017478774443 0.037846626266632356
0 0.3061791419927395 0.5601544430349598 0.029139486427956267 0.0445922078804756
0 0.275425893226282 0.493406825696682 0.018876511412575424 0.033690179478879534
0 0.24231650190414597 0.5137528382809474 0.020993221262458544 0.034767019766155094
0 0.22820353794142914 0.4779176226437713 0.019010017478774503 0.037393883182583236
0 0.3014135986034201 0.44608713107329784 0.016626295496493172 0.028909635487900265
0 0.45317715607850306 0.5239214604798399 0.01219261669742835 0.021200399357793585
0 0.5265909731666044 0.5009249937960002 0.020238752313276837 0.02824780969433631
0 0.5521126048757221 0.575184559896443 0.01963098036175713 0.04020938955069832
0 0.6277168795004299 0.5783403906805537 0.01685993111234154 0.03539111696938175
0 0.6718441139750208 0.5782877158233246 0.017147128829826386 0.02894736407823757
0 0.615497082564291 0.555174953699896 0.019297215196259286 0.030950130291439268
0 0.5802472984803733 0.547979779927322 0.02030550534637617 0.03009966154618816
0 0.5588830390211633 0.5394695989838747 0.013788493213978133 0.022239511054731632