0 0.524855786831703 0.0037462651960708127 0.03825324033007256 0.0074925303921416254
0 0.5120570867940565 0.05820828502020054 0.037843473644582674 0.07627278919022115
0 0.5580745130600634 0.14859628179513648 0.03557812978790551 0.07058789745136286
0 0.6137153812359185 0.6044075595540659 0.032422794700681594 0.06946796725048267
0 0.5765390365022962 0.6006847582891714 0.02746741576619224 0.04513522080980305
0 0.5633686101421731 0.6845413170572254 0.029060250853416392 0.046158148873206316
0 0.5580543470115223 0.6338417294520794 0.023669906996739105 0.04027925285939373
0 0.5744295329003987 0.7752438430506309 0.02700725260730697 0.046954738615829265
0 0.5981500793785001 0.7983581820713375 0.02866075786897871 0.04982951853108417
0 0.5828482486289446 0.8888417255270886 0.018527380688379936 0.02609935755807345
0 0.6129653336926393 0.9319707604140829 0.03093123857618186 0.03980600357502739
0 0.5323692391237205 0.6224469677116625 0.016595722791166403 0.030599651004400517
0 0.5031349260307164 0.5027188726379123 0.022476564893952874 0.035584955138112606
0 0.5235846629471239 0.36227794954939013 0.01772839471950493 0.033442096873829576
0 0.5169639086565136 0.18408570987738795 0.025753240330072556 0.040408589042696445
0 0.48219760696379854 0.07073180782623886 0.019230224545056983 0.03168724715945478
0 0.4643730701320956 0.05235438689404225 0.018648721037275825 0.029803061261777244
0 0.47038760869416013 0.11646373340220141 0.020453901735067368 0.03730747080666172
0 0.5090820611744101 0.3975072301834202 0.016474382442270515 0.026895947300696707
0 0.4506512323434485 0.1830995411046583 0.018249228052838143 0.03347443091965527
0 0.5009937339561649 0.4453276322534177 0.015493385950051793 0.028683131060897173
0 0.5589659960216377 0.844861719127223 0.019751057878390318 0.0317195812052805
0 0.5538414486901201 0.7760580748977829 0.01714689121172365 0.031557910976152084
0 0.5376274829145161 0.7510860033237148 0.014881547355046602 0.025873019237293546
0 0.5389645521696664 0.8317223939938346 0.016565387703942492 0.029673725078474593
0 0.5251806908211414 0.7295912971325708 0.013779210513932109 0.023956499293790415
0 0.5192445584023998 0.6599102280459431 0.01546305086282788 0.02775720513497125
0 0.5120390031548454 0.6311315699291847 0.013718540339484164 0.022104647441938564
0 0.49221956982621784 0.6235478003513519 0.013718540339484164 0.022104647441938564