0 0.33880208333333334 0.43657407407407406 0.013020833333333334 0.021296296296296296
0 0.4825520833333333 0.45740740740740743 0.0140625 0.022222222222222223
0 0.6916666666666667 0.4722222222222222 0.017708333333333333 0.03148148148148148
0 0.546875 0.4925925925925926 0.010416666666666666 0.020370370370370372
0 0.5700520833333333 0.5152777777777777 0.0109375 0.017592592592592594
0 0.45286458333333335 0.47638888888888886 0.0109375 0.023148148148148147
0 0.43125 0.47962962962962963 0.011458333333333333 0.018518518518518517
0 0.39739583333333334 0.47314814814814815 0.014583333333333334 0.024074074074074074
0 0.37916666666666665 0.48935185185185187 0.010416666666666666 0.019444444444444445
0 0.3419270833333333 0.4777777777777778 0.0109375 0.016666666666666666
0 0.33515625 0.5064814814814815 0.018229166666666668 0.024074074074074074
0 0.37005208333333334 0.5125 0.015104166666666667 0.026851851851851852
0 0.4515625 0.5106481481481482 0.013541666666666667 0.030555555555555555
0 0.7255208333333333 0.5208333333333334 0.016666666666666666 0.032407407407407406
0 0.7546875 0.5199074074074074 0.016666666666666666 0.023148148148148147
0 0.6916666666666667 0.575462962962963 0.027083333333333334 0.04351851851851852
0 0.5921875 0.549537037037037 0.01875 0.032407407407407406
0 0.44609375 0.6412037037037037 0.030729166666666665 0.05092592592592592
0 0.4546875 0.5884259259259259 0.025 0.03981481481481482
0 0.44114583333333335 0.5425925925925926 0.017708333333333333 0.027777777777777776
0 0.41770833333333335 0.5444444444444444 0.023958333333333335 0.044444444444444446
0 0.3651041666666667 0.5425925925925926 0.019791666666666666 0.03148148148148148
0 0.3497395833333333 0.5814814814814815 0.0265625 0.05
0 0.30625 0.5337962962962963 0.016666666666666666 0.026851851851851852
0 0.24739583333333334 0.5314814814814814 0.022916666666666665 0.03333333333333333
0 0.27291666666666664 0.5712962962962963 0.026041666666666668 0.044444444444444446
0 0.8283854166666667 0.8347222222222223 0.0546875 0.09907407407407408
0 0.9481770833333333 0.8125 0.06510416666666667 0.10277777777777777
0 0.90390625 0.6467592592592593 0.044270833333333336 0.06388888888888888
0 0.85 0.6282407407407408 0.036458333333333336 0.062037037037037036
0 0.6947916666666667 0.6472222222222223 0.03229166666666667 0.053703703703703705