0 0.5931937145542477 0.5146878663272254 0.04505267478324318 0.08054543013414096
0 0.5586037537858317 0.5200339751750903 0.029145848214089654 0.05151850272296264
0 0.5407174158525925 0.6083848065870227 0.029648499188122675 0.049677424994693124
0 0.5342096352792026 0.5557309312304436 0.021251527597238605 0.043023557535892
0 0.5786271103867573 0.7289215271707538 0.034472366882874424 0.06366328099582448
0 0.5339255780572292 0.028479266308339555 0.039726156114458414 0.05695853261667911
0 0.4912159266772574 0.05003596077048356 0.030223879599356705 0.055243754673831316
0 0.4452384525161606 0.011000288539988952 0.018465537337569535 0.022000577079977903
0 0.49742356317537445 0.25782013815219407 0.024440165854789343 0.04956968375886843
0 0.48440463933858935 0.31134100610607945 0.015385993235820194 0.029016153287595773
0 0.47680446401372856 0.3596561531697561 0.01804470698038756 0.03462557946106383
0 0.4714628553820112 0.5584181020110219 0.012206446157919496 0.023395952990545168
0 0.5938337809760331 0.8716915684513735 0.03553221590884116 0.0655366810948412
0 0.5631617974805442 0.8250942453969354 0.027053423701106284 0.050549480302706756
0 0.5376617825997878 0.7746854774029689 0.019095464826704264 0.03557305363415463
0 0.55110608238358 0.7114316131032787 0.02545455898250566 0.04681345422825542
0 0.5733036841143402 0.9295353278638716 0.025463650162155696 0.04773938015418156
0 0.5093382298409427 0.5428167761746857 0.022795845237938296 0.04120402805478778
0 0.5023062532442141 0.6490022936087327 0.019570842261787055 0.030954198128107548
0 0.5159335595208281 0.763558529457568 0.019095464826704264 0.03557305363415463
0 0.4964706285150228 0.5852211459556688 0.01796288636353651 0.02629224612773029