0 0.5305478002245607 0.3781798323792997 0.021480678079241974 0.03324790284802467
0 0.6333157513350566 0.35677229646857933 0.01880975837947574 0.03128829517045275
0 0.3095312952380958 0.34605994478380614 0.018422431112341542 0.03497044770901236
0 0.26991068887350866 0.39731029944979385 0.019664356878306914 0.040569105594856
0 0.2360999915159351 0.3926818310830655 0.020859715196259405 0.0304485739051029
0 0.24983492262827675 0.426423862378868 0.025880980361757188 0.039901793650658504
0 0.321161909056233 0.46612859884216 0.026735578860588305 0.04918260407506186
0 0.31004313797834465 0.5556101447725099 0.04257402889134999 0.07017795823460915
0 0.19824134587486236 0.5217530658571191 0.04205319555801654 0.07015640706946505
0 0.13505712728559197 0.5053577241929217 0.042841041023748146 0.07758536564201655
0 0.08844564209117832 0.5290781394802879 0.0465202508736312 0.07866214972395075
0 0.2479312636212632 0.48214105167300375 0.03904851069275258 0.05893754013263388
0 0.14643931780484915 0.74876848688572 0.07565973730158747 0.12239695406917711
0 0.029485852608589706 0.7239339915006379 0.011376792617202102 0.1280579429246502
0 0.7936136042543381 0.5277187419833322 0.03530254780977013 0.05600890419884784
0 0.5907117478897511 0.5857253869219744 0.04230701675895172 0.06277055082720175
0 0.5849232220315007 0.519198802828744 0.027810622043804755 0.05015163233127577
0 0.6296586276455033 0.4723733417235176 0.028919041743570992 0.05204658651341561
0 0.6023148776455033 0.47350477789357936 0.02532677051187401 0.038954316559588587
0 0.6891236644026094 0.4796495067018921 0.026922647028423796 0.0399448959809467
0 0.708761240230098 0.5252022878007191 0.036965177359419246 0.0588513354720577
0 0.7607549359942176 0.47714918445755033 0.022001511412575305 0.03326945401316876
0 0.8279990962347736 0.48317615603283837 0.030314659160822068 0.04748161037921827
0 0.7319659029900338 0.44542102583981374 0.02473918414544111 0.037080913542592533
0 0.7166618764119607 0.40432546504946393 0.01939734474590864 0.03316169818744849
0 0.6516613366217553 0.39542373545325005 0.017213881862925953 0.03029771574909464
0 0.5892044067429563 0.42814557019341476 0.021226856878306912 0.04063375909028808
0 0.6107592316968138 0.3966525389540938 0.01561800534637617 0.02930713632773663
0 0.6838322889657938 0.4413852145145464 0.01939734474590864 0.033161698187448595
0 0.4782673059308484 0.39657097934512275 0.015384369730527918 0.02282565484625515