0 0.46300090546851186 0.40461221702689487 0.033657449793314836 0.05874519690172646
0 0.47073223811805504 0.9636278159116202 0.035172713140633624 0.0699317651935126
0 0.43847492255628956 0.846369287141128 0.03637224536751755 0.07371092607789091
0 0.505020924414908 0.2331964331089495 0.034375615076919885 0.06341255512169355
0 0.5143037985485593 0.09771648815466054 0.03445454785702846 0.06526440697354542
0 0.5394849748966574 0.0672332388544614 0.02641301977932926 0.04714361411622897
0 0.5345143625190298 0.1637952107457788 0.025536988935507075 0.03877255219255818
0 0.5255507970986668 0.2702216748044134 0.02689438672260837 0.04625541678064051
0 0.5205643366573256 0.360321029509418 0.03073755200621342 0.051149146542632
0 0.49185214855320375 0.42977884475809486 0.025931652836050388 0.04803181145181754
0 0.5181461540854503 0.413222212937122 0.018687222822064933 0.03643022866632001
0 0.5394190405329944 0.571223057911014 0.021607120609166468 0.04402627902541435
0 0.5097169226231204 0.6844548473943166 0.020731089765344043 0.03565521710174372
0 0.4853774260139436 0.838228514787759 0.025608151452988774 0.052623712491109656
0 0.4995792885329735 0.9643328637864579 0.02081002254545261 0.03750706895359557
0 0.5147034959331273 0.9897624822523234 0.018568823651901902 0.020475035495353157
0 0.5183762176471949 0.9241564764381192 0.0197288894887316 0.036505685846994824
0 0.5469664289883002 0.8883817717147264 0.02013132365190202 0.03376563665955456
0 0.5276064323045518 0.6534433978293936 0.01460725919813394 0.02598094334877285
0 0.542595777393909 0.6152988608683392 0.011245460857807643 0.02019901625119263
0 0.538084030918394 0.436358565743697 0.019050190595181014 0.03276425355295361
0 0.5549901509028603 0.3152768456478521 0.020731089765343807 0.03565521710174372
0 0.56707513873037 0.24553764143430382 0.017929591148405657 0.030836944520426936
0 0.5517024775959498 0.2259627223863376 0.016769525311575724 0.027983709561974393
0 0.5448533265594276 0.28454286701952336 0.022972288658894512 0.039509835166797055
0 0.563363258164708 0.3472676630988886 0.018971257815072324 0.030912401701101756
0 0.5744837797435657 0.49853314633785134 0.01868722282206505 0.03643022866632001
0 0.5599748789821076 0.44440578372418127 0.013486659751358588 0.02405363431624618
0 0.559295872550097 0.41020311735042814 0.015806791425017744 0.029760104233151372