0 0.5630109712770967 0.9453339814861722 0.03223505564349149 0.06050839795246045
0 0.5880748150352714 0.8302959198441237 0.035314591536868535 0.05776294145141029
0 0.5366255370816216 0.950154536666308 0.018729271839516077 0.03074409633646627
0 0.5236633186642912 0.9782659923001387 0.016630783803975292 0.029796622892721794
0 0.5150508443966348 0.9156663350302289 0.01825390261280546 0.03351648723478951
0 0.513360405868283 0.6688478200969691 0.016661093208390435 0.03164847474457365
0 0.49529515419676134 0.6427306599504051 0.01338454618631483 0.022356894208586775
0 0.47358807697756133 0.5526761289998612 0.01823874791059789 0.03259056130886359
0 0.5477638049839724 0.39693534344338566 0.02577288981258571 0.04748079243604248
0 0.5179426993932424 0.42070505882827547 0.02300202142163575 0.03726867285358432
0 0.49133194855748175 0.40746467157340116 0.018714117137308507 0.02981817041054013
0 0.48563230845891947 0.35786029854318185 0.026233104337088756 0.043782475611793305
0 0.47880686799523836 0.26564447884227876 0.020903533386094846 0.036321199409840056
0 0.49581172873243706 0.22924009147102425 0.02732023511037802 0.04657102714848025
0 0.48100630370816216 0.09943538825912049 0.02998502058587486 0.05030166524945693
0 0.45361909349436697 0.06998052354163334 0.02405884279050999 0.03820537253841944
0 0.4641812955046267 0.15667849584316296 0.025161128266006947 0.04191985000103229
0 0.45068108515892774 0.21766032184736392 0.015543653030685908 0.027008071356034953
0 0.4598143927599175 0.2802653659967284 0.014977355590729975 0.024224906698802538
0 0.47298433100229265 0.4304269723803661 0.016600474399560146 0.027944771040869943
0 0.4379501014562638 0.470349216114141 0.016034176959604095 0.025161606383637635
0 0.4349452116215093 0.24018659408863874 0.01338454618631483 0.022356894208586987
0 0.4504525435692975 0.31119230756451893 0.014977355590729975 0.024224906698802538
0 0.4437175930986556 0.3407572946406935 0.011255748746358782 0.019557568912990767
0 0.4515260853130006 0.40473776048031035 0.012327724817440593 0.02142019452375179
0 0.4523280634734845 0.4353067832345024 0.010674296604195159 0.015848478329832532
0 0.47761913416067064 0.6087458228731983 0.012282260710817875 0.01864241674597401
0 0.48633603206705683 0.871843457822526 0.01549818892406331 0.024230293578257175