0 0.4467633944341481 0.012753336221961035 0.030917661463634498 0.02550667244392207
0 0.4153397906823947 0.10523901251104023 0.03390377404661713 0.05657376767636824
0 0.4625967365987107 0.12322886821146654 0.025243058499298598 0.039648507455209495
0 0.47641451863259415 0.011541704668532366 0.023644182697744754 0.023083409337064733
0 0.49606481972105326 0.049460822516845644 0.02146990986052657 0.033053891293637686
0 0.5268311919226829 0.09019816859705629 0.017787700725639392 0.03108890476169553
0 0.4860408634269456 0.2952918126561551 0.022602516031078088 0.03771584511757885
0 0.5062359718053043 0.32848203030911044 0.016188824924085545 0.029188566618376367
0 0.5222859093123725 0.37616147763974167 0.014589949122531583 0.027288228475057227
0 0.5157581344783378 0.4152766358888112 0.02059193430085256 0.04135490043265953
0 0.4723231258863719 0.5653261736467847 0.02494047997528881 0.05074345646916493
0 0.49929485365385334 0.5853352400251745 0.018811179491529138 0.03019530303008103
0 0.5006101685655832 0.6390308626803002 0.02378968590396037 0.04515557671929771
0 0.4867775065255219 0.7705584872592252 0.02964616787606573 0.05181484126949272
0 0.49402371447928284 0.9139396279519196 0.025873019237293703 0.04522022510792062
0 0.5212864486591955 0.9487635091451243 0.018956682697744753 0.03760271043748844
0 0.5152191463613373 0.852133546663111 0.0194229523287472 0.034841094756866704
0 0.503812887530108 0.7357497166966701 0.021524473562857575 0.035831669071415544
0 0.5306308478743943 0.7877274706652378 0.01940476442797028 0.03391516883094078
0 0.534810735080421 0.6954119769183171 0.01834490986052657 0.032956918710703186
0 0.5199702819359834 0.56338437879407 0.019961973562857574 0.035783182779948255
0 0.5495833929441309 0.7709257693667712 0.015595239987644286 0.02546870081751704
0 0.5467287222555584 0.6653944569569492 0.01446263381709277 0.020806746993575743
0 0.5405167464848937 0.6011961450280772 0.015631615789198368 0.02732055266936868
0 0.540579574404204 0.5645978278082694 0.01351190665431119 0.02540405242889392
0 0.5565848608537022 0.5038792934169443 0.014408070114762002 0.018028969215797965
0 0.43770011106469286 0.5802979230451093 0.029864422685389157 0.06292595238060361