0 0.5901713977634591 0.9872083479664613 0.03870226301040655 0.02558330406707733
0 0.5419443174551879 0.9789335061620065 0.026199232890713374 0.04213298767598712
0 0.598219031710886 0.5149646374502683 0.031462108378524554 0.06610788472345686
0 0.5633716802926438 0.528335524200433 0.024085598360448063 0.03988024248551441
0 0.5346349433685144 0.49937243233973333 0.021460220855928944 0.03329100517831286
0 0.5336779464263084 0.44563640188831355 0.03245226301040655 0.050410246313004094
0 0.5372417929009762 0.3411684059972642 0.023570825266501078 0.04171054317222227
0 0.5597904736518673 0.30923551131065924 0.02880945979676639 0.051185314082921866
0 0.5318923853749596 0.21827848474321065 0.02252612848014124 0.040741514916008255
0 0.5310170280375213 0.10992360024473329 0.02357991562558072 0.04448832095000004
0 0.5585092539024884 0.15642540678516545 0.03039014051492567 0.0568055231339095
0 0.514886692556552 0.27312285184901314 0.01625188752259561 0.03307549352687252
0 0.5135711473115483 0.348521161316544 0.016245827283209145 0.03122364167502067
0 0.5006427326288577 0.37622312292868393 0.015712873471102996 0.027498386806172868
0 0.492039718642829 0.2934708968789719 0.012581813231716647 0.025517227963456856
0 0.4897931060999607 0.40262240031251095 0.014135222872636887 0.02280410368111116
0 0.4908410066329629 0.4841362085417085 0.016221586325663395 0.023816234267613052
0 0.46668740420636673 0.5030414867699183 0.013102646565049862 0.025538779128600742
0 0.509179257608585 0.5182238326550831 0.016754540137769662 0.027541489136460852
0 0.49238718822854827 0.6383459775386634 0.02354658430895545 0.03430313576481475
0 0.4947144461971847 0.7129692192362764 0.015179919658996729 0.023773131937325068
0 0.5094614059939512 0.7635726518603094 0.014159463830182517 0.030211511088518567
0 0.5259737101832134 0.7966589209697539 0.014168554189262276 0.032989288866296346
0 0.47432082747326426 0.996142791398025 0.01727234335140982 0.007714417203950082