0 0.539191010277555 0.9970947891361018 0.03396326082246806 0.005810421727796388
0 0.6015861405553069 0.539038347345874 0.03297350514042516 0.06977843097062898
0 0.6014578162872048 0.18120299169195841 0.03555948944779175 0.06795351351605
0 0.5883245261080645 0.32873734425241513 0.0329280492421745 0.06514880134099925
0 0.5593669565733504 0.3497319752992544 0.021187889339687634 0.03632658628929469
0 0.5696434365521691 0.22948011627688505 0.02601175703443938 0.05026395709327484
0 0.5799426444801129 0.11154307206933044 0.028085999188122674 0.04935957868516725
0 0.5452628196681962 0.45142760764692325 0.030771986471640388 0.057719846415773504
0 0.5407830987535104 0.4990616174772899 0.02015531385267124 0.037241738456311346
0 0.5632821626061817 0.5363275968911468 0.029173121753039766 0.05399998207370589
0 0.47492554707570384 0.5807795043145099 0.018583722673021087 0.03629965189202183
0 0.4907682790842157 0.33791248953986497 0.016418568722836705 0.027944771040870047
0 0.5061574998632226 0.39362157115987634 0.014828795183886356 0.025150832624728465
0 0.522052734306268 0.2887040521495578 0.011119323593002169 0.018631642987064947
0 0.5439926906104572 0.2690255871189704 0.01642765990248686 0.02887069696679587
0 0.5169565875251038 0.5122397469483048 0.027528801136188837 0.04565048810200897
0 0.4292419479129595 0.9668418248403982 0.02172690503232128 0.038183825020600866
0 0.5061195468043458 0.7875626510454484 0.02334395211022198 0.04375554121452044
0 0.47938826853090893 0.690536741253187 0.018035615800737523 0.033516487234789304
0 0.4890165035144737 0.7429458264584572 0.01699394913407074 0.03350571347588003