0 0.46420190909952547 0.008323709663493304 0.029445484865717592 0.016647419326986608
0 0.4826012266652894 0.05844306243043177 0.031056910460879668 0.06512725382318094
0 0.44739151396248844 0.15419051436262332 0.030039488854999994 0.0669683319161236
0 0.43169250772439843 0.5863558208647058 0.0315292536726389 0.06142893699893185
0 0.4608384131189819 0.9027639173175522 0.0283072734294907 0.05398920831479683
0 0.4806547603200236 0.9442312694443992 0.02284436695789355 0.034490895075806646
0 0.4815319018792018 0.8520800922969513 0.022868612018680543 0.0363427469276585
0 0.45911095253790546 0.7708194728731078 0.032982650899097264 0.05311176430396211
0 0.4811673550202203 0.7446619111306346 0.024515969731435185 0.04284038904750358
0 0.4846789695720489 0.6547986144007285 0.02503680306476852 0.0428457759269581
0 0.4881970808626624 0.6052184823280548 0.020785278685347207 0.03632119940983995
0 0.4644383338072341 0.5809238548664742 0.023946646276527872 0.03913129846434534
0 0.5242300369482525 0.4728834891231527 0.01810837683631945 0.030738709457011525
0 0.4980961448828706 0.34674778356862945 0.018084131775532343 0.028886857605159674
0 0.488355944813507 0.17969626369109135 0.019295513867708298 0.041860594327031805
0 0.5119133636966783 0.06925250829208593 0.018701945352013874 0.036299651892021695
0 0.5269748837701737 0.04594544720002743 0.01759966603337967 0.031659248503482895
0 0.5264728874428125 0.10707002550977501 0.017623911094166663 0.03351110035533472
0 0.5485725897286806 0.16379360789658132 0.01758754350298612 0.030733322577556996
0 0.5245867806476854 0.4205579005494287 0.013808362335324039 0.02051042923618967
0 0.5130492153932062 0.3748376916846417 0.012790940729444481 0.02235150732913235
0 0.5461849220797803 0.578226262940252 0.01596443085101858 0.02608753230956356
0 0.5289370271646068 0.5936845011797586 0.013808362335324157 0.02051042923618967
0 0.5233232422734725 0.62245015399719 0.013881097517685247 0.026065984791745222
0 0.5228757973328823 0.6877413989736042 0.015334494744143494 0.017748812096775694
0 0.5138402281839007 0.7137642887297126 0.014922764184351915 0.026076758550654496
0 0.5194854080849888 0.7868639549627696 0.014886396593171251 0.023298980772876718
0 0.5007235032913893 0.8060420575443435 0.01554057776083333 0.03348955283751644
0 0.5011648869667827 0.7402878496049663 0.01762391109416678 0.03351110035533456
0 0.5088849438312734 0.5938918960387601 0.01810837683631945 0.030738709457011737