0 0.8190104166666666 0.7902777777777777 0.0515625 0.08611111111111111
0 0.9703125 0.7847222222222222 0.059375 0.09907407407407408
0 0.9291666666666667 0.6152777777777778 0.042708333333333334 0.06018518518518518
0 0.8481770833333333 0.5856481481481481 0.0265625 0.05277777777777778
0 0.7815104166666667 0.5898148148148148 0.030729166666666665 0.05
0 0.7424479166666667 0.5550925925925926 0.0359375 0.041666666666666664
0 0.6838541666666667 0.6138888888888889 0.027083333333333334 0.044444444444444446
0 0.4421875 0.6152777777777778 0.027083333333333334 0.041666666666666664
0 0.26848958333333334 0.5509259259259259 0.024479166666666666 0.046296296296296294
0 0.3424479166666667 0.5564814814814815 0.0296875 0.046296296296296294
0 0.3614583333333333 0.5217592592592593 0.01875 0.03425925925925926
0 0.4080729166666667 0.5185185185185185 0.019270833333333334 0.03518518518518519
0 0.43411458333333336 0.5166666666666667 0.018229166666666668 0.02962962962962963
0 0.4484375 0.5578703703703703 0.01875 0.03425925925925926
0 0.5268229166666667 0.4888888888888889 0.019270833333333334 0.03518518518518519
0 0.296875 0.5115740740740741 0.019791666666666666 0.032407407407407406
0 0.24791666666666667 0.5120370370370371 0.016666666666666666 0.02962962962962963
0 0.3263020833333333 0.4837962962962963 0.0171875 0.030555555555555555
0 0.33619791666666665 0.4486111111111111 0.0109375 0.017592592592592594
0 0.37604166666666666 0.4648148148148148 0.013541666666666667 0.024074074074074074
0 0.39140625 0.4476851851851852 0.0109375 0.019444444444444445
0 0.4265625 0.45092592592592595 0.013541666666666667 0.018518518518518517
0 0.4453125 0.4486111111111111 0.010416666666666666 0.021296296296296296
0 0.4817708333333333 0.4217592592592593 0.011458333333333333 0.025
0 0.5416666666666666 0.46296296296296297 0.011458333333333333 0.025925925925925925
0 0.6854166666666667 0.43472222222222223 0.013541666666666667 0.028703703703703703
0 0.7065104166666667 0.47824074074074074 0.0140625 0.026851851851851852
0 0.7330729166666666 0.5074074074074074 0.018229166666666668 0.02962962962962963
0 0.74765625 0.4791666666666667 0.013020833333333334 0.026851851851851852
0 0.58515625 0.5152777777777777 0.0203125 0.030555555555555555
0 0.5643229166666667 0.48564814814814816 0.011979166666666667 0.019444444444444445
0 0.44505208333333335 0.48333333333333334 0.011979166666666667 0.025925925925925925
0 0.6697916666666667 0.5416666666666666 0.023958333333333335 0.037037037037037035