0 0.9317867455171758 0.9832271043678203 0.06621006892721464 0.0335457912643594
0 0.962047108145327 0.7864555263835619 0.04822204824905043 0.07513448298217558
0 0.8939449380322996 0.7757350308414497 0.045617881582383765 0.07491885451667663
0 0.8456508331937354 0.7176870517958038 0.043291966225364104 0.06548709248501829
0 0.7795435412167308 0.7731918228039453 0.04822204824905043 0.07513448298217558
0 0.49330780121132733 0.708376802128119 0.035976041356328876 0.06395740685569577
0 0.29314653280797137 0.5864766088877515 0.03255994292790542 0.05258754158598604
0 0.3795813259565281 0.6125738297306946 0.033601609594572084 0.05267379297218558
0 0.45892849310577544 0.5863448160976885 0.029289393713693695 0.046773231871831855
0 0.5040612106407868 0.6427451520958466 0.02896262599930933 0.0541375135861396
0 0.48871302591524995 0.5925066843080788 0.023341903225709497 0.03796551591440094
0 0.40159401557616775 0.57004847862919 0.02296661910658789 0.04347794577685683
0 0.3640982850827799 0.5175142059217189 0.020689220154305587 0.03589803559705034
0 0.33019061448717185 0.5424241251083622 0.024008285773254555 0.04356419716305637
0 0.27220830707059146 0.5311556916928065 0.026164393713693813 0.04651447771323344
0 0.5813228904039249 0.5567507905475184 0.027109027570885756 0.04289702539572907
0 0.6600679105995086 0.6265593190522101 0.026914961951936787 0.03548961798832166
0 0.7661259990333356 0.687542398180078 0.030428093189834728 0.050563186961735104
0 0.8147489870401204 0.6292040275642057 0.023269128618603693 0.03518773813662316
0 0.8403254783551711 0.6631969424308891 0.025098468844658346 0.04550230040110777
0 0.8575907404864812 0.637832926990979 0.026612452439921223 0.043779825628555334
0 0.6427398489095011 0.5900156745343822 0.019744586297113405 0.03951548791455471
0 0.500702885647917 0.5542329747837211 0.01850885401149777 0.03202182912094755
0 0.42161968665435645 0.5111900467446822 0.02319635401149777 0.032409960358845386
0 0.37465906492847434 0.4842037119106547 0.01511701378544288 0.021577889777163954
0 0.44081132182119576 0.49984429727296037 0.016401262475795875 0.030923400422622545
0 0.4809097829460664 0.5128656350173149 0.014172379928250696 0.025195342094667905
0 0.5021669168032585 0.5109300847307016 0.015286821202023286 0.028059371258645435
0 0.5280016707322 0.48535171730101195 0.01588042914246254 0.03088027472952288
0 0.6164548822015561 0.558735848905827 0.015262562999654486 0.027133445332719507
0 0.7852954914516425 0.5662486548352199 0.02319635401149777 0.032409960358845386