0 0.3986581892580607 0.1550925925925926 0.01590682656915353 0.028703703703703703
0 0.4109697754318662 0.26851851851851855 0.019086373647054226 0.03425925925925926
0 0.42226051339158216 0.33101851851851855 0.01804470698038756 0.03425925925925926
0 0.42266507088601224 0.37222222222222223 0.01592500892845384 0.030555555555555555
0 0.41613251772013 0.449537037037037 0.014901524621087247 0.032407407407407406
0 0.4591550882013021 0.5611111111111111 0.019040917748803565 0.02962962962962963
0 0.47635081763740444 0.8537037037037037 0.02336213446952229 0.04537037037037037
0 0.5199260405806853 0.9685185185185186 0.01860190503232128 0.03796296296296296
0 0.51050953882235 0.8847222222222222 0.020676147186004575 0.037037037037037035
0 0.47827782656695667 0.5990740740740741 0.01592500892845384 0.030555555555555555
0 0.47098556845038025 0.5194444444444445 0.02550001488075632 0.05092592592592592
0 0.4444809782182865 0.3662037037037037 0.01852008441547023 0.02962962962962963
0 0.4186835905023534 0.23194444444444445 0.016473115800737403 0.03333333333333333
0 0.4150884852538244 0.1310185185185185 0.02015531385267124 0.037037037037037035
0 0.42722411147109113 0.2 0.02175417857127163 0.040740740740740744
0 0.5007496168806775 0.6333333333333333 0.025993574675139186 0.04814814814814815
0 0.5364576575992385 0.9282407407407407 0.028186002164273798 0.05925925925925926
0 0.5367383012685726 0.7976851851851852 0.034984109036557715 0.062037037037037036
0 0.4632095683157997 0.3375 0.02175417857127163 0.040740740740740744
0 0.49384195954950166 0.3541666666666667 0.02809509036777271 0.05
0 0.4634019362819094 0.1449074074074074 0.034490549242174616 0.06481481481481481
0 0.4484646383921314 0.1884259259259259 0.028095090367772833 0.05
0 0.4455034147726523 0.019444444444444445 0.029978417748803565 0.02962962962962963
0 0.4284282364716404 0.05740740740740741 0.03024206195865702 0.05648148148148148
0 0.45820974066450915 0.2791666666666667 0.03387880411234008 0.05555555555555555
0 0.5271766109294734 0.3277777777777778 0.03606214042182477 0.06574074074074074
0 0.5889716390661328 0.812962962962963 0.03400608062744179 0.06851851851851852
0 0.5685889105753898 0.9384259259259259 0.03502956493480814 0.06666666666666667