0 0.49173764422539473 0.965542843765436 0.033373456105676526 0.06546126222976403
0 0.45746184077878904 0.8487088538321569 0.033863954351785824 0.06454611042742045
0 0.4637723726076397 0.38202635033120036 0.029975440320660834 0.05706328415493565
0 0.5106945762942419 0.05081487064144889 0.02924226137675999 0.05057102854987175
0 0.5051644270958942 0.19180847893529412 0.032670612248999475 0.05989493255062594
0 0.5268900770770709 0.22741924200198751 0.024772243837853834 0.04122557630195255
0 0.5263990928150283 0.3236401194332064 0.026395414012301662 0.04310975052455193
0 0.4978818190904469 0.39846202204301145 0.025475087694530767 0.046791905981090655
0 0.5247731112073507 0.37727379133362393 0.019842063140062295 0.033721201782302784
0 0.5341418639793609 0.1151454985972197 0.022658575417296354 0.040256553881696716
0 0.5356112763083591 0.024959300869893047 0.021070877180598777 0.023568338967865095
0 0.5509270595616937 0.17471182037857982 0.018188557878390556 0.030911101633777586
0 0.5710498437625607 0.1931714055684786 0.013470722791166168 0.029888208595609297
0 0.5600563244227058 0.2706690561331117 0.017207561386171712 0.03274140523846446
0 0.5707079665113748 0.30188689593790624 0.013167371918927036 0.02062894933635004
0 0.5453383225982281 0.4012943191408695 0.019751057878390318 0.030943424004525006
0 0.5680351813865044 0.37122898620831707 0.016474382442270515 0.026249149633400536
0 0.5685609085623973 0.403162656529179 0.01310670174447921 0.01877709748449808
0 0.5851489260777745 0.45671045979202063 0.014391049108937182 0.026206053139070574
0 0.5499340883126566 0.5415720969186474 0.019751057878390318 0.030943424004525006
0 0.523284990877611 0.6654734606643177 0.019751057878390318 0.030943424004525006
0 0.5215667889684287 0.954593668859146 0.025384082432858907 0.04401412820331298
0 0.5393558538623815 0.9875735996652094 0.016535052616718577 0.024852800669581215
0 0.5407594591664057 0.9128896171110247 0.01821889296561423 0.03183702755970351
0 0.5691425504157759 0.8736889273404114 0.01711655612449974 0.029963627460686575
0 0.5412185119478274 0.6329963458047081 0.016413712267822688 0.024397297781548685
0 0.5558930935507992 0.5884229362283577 0.01114470876004153 0.022437704693871824