0 0.46497181776559143 0.9595143677307608 0.03277116787606573 0.05191181385242729
0 0.42011236685723397 0.8716090235743493 0.03942130169315862 0.0724761293886666
0 0.38004213094804074 0.4073956010148276 0.03288029528072738 0.05746736940798264
0 0.39788192825385743 0.20141174988464447 0.03449735898305827 0.0602936334772277
0 0.39077793768978625 0.059589200100974224 0.030185189110175988 0.052756929292574264
0 0.4121511219906388 0.018210056522581078 0.02188161578919837 0.027514497835237888
0 0.41712135314705384 0.10966661592622291 0.025927582939624473 0.047998002885698554
0 0.42448328221660153 0.22510835786958214 0.02535218590396037 0.045204063010764996
0 0.43322335411718954 0.32338814598900023 0.03124504367761958 0.05371517941281165
0 0.4411044680922892 0.37265042737438936 0.022638891832631933 0.0395676969694307
0 0.4151529111960984 0.4086194742716288 0.02429233133651678 0.04424581289052761
0 0.4836887829757464 0.5101332138107274 0.023250664669850114 0.04421348869621616
0 0.46500242958942917 0.6532187503665706 0.022638891832631933 0.0395676969694307
0 0.4640963314061441 0.8318416435844955 0.029107146641955475 0.050872753246410746
0 0.5092649766277098 0.9040062470001664 0.022638891832631933 0.0395676969694307
0 0.49563154072374943 0.948846662824927 0.025297622201629486 0.04242628523298722
0 0.5140177827082104 0.9667833458458382 0.02091270072563939 0.031185877344629867
0 0.5329976206681492 0.8352557212669132 0.02041005529308298 0.03209564117340017
0 0.480340560805006 0.6143402857202834 0.017230491590752215 0.02922089081268782
0 0.4906158618934651 0.5682160346381465 0.01464451282486247 0.030066006252835002
0 0.46269755563024645 0.3863234711456995 0.01882936739230606 0.031121228956007062
0 0.44308034452681533 0.15281574940418288 0.0194229523287472 0.034841094756866496
0 0.4473453851809373 0.22717500337250662 0.02048280689619091 0.035799344877103983
0 0.46413441083066226 0.16743088119857463 0.011949406654310954 0.025355566137426632
0 0.46275791642740327 0.2507561334833301 0.019852846158195804 0.03022762722439259
0 0.47427329162425763 0.27399551635985875 0.018308534058972724 0.031105066858851338
0 0.47838704301637475 0.34280729582120484 0.01299107332097762 0.025387890331738192
0 0.4840095604395699 0.37455779509978016 0.017230491590752215 0.029220890812687923
0 0.5032134282255848 0.390618383123106 0.01349371875353403 0.024478126502967993