0 0.1774693506434378 0.7923194467810283 0.057657084149023596 0.10103090927918645
0 0.0232692343202217 0.8038447580619021 0.0465384686404434 0.12142822134237008
0 0.05501400832442981 0.6030194739549544 0.049910719962933094 0.07750557743164985
0 0.14260246966712437 0.5675016927365913 0.039293986387719984 0.06678155839019584
0 0.22069109386557045 0.5653122906664271 0.03933036218927389 0.0686334102420477
0 0.26083246606719995 0.5216115261923455 0.03853671034428625 0.05471757966034534
0 0.32975689955236226 0.5753952759163452 0.037476855776842656 0.05373777034879271
0 0.6037185407802946 0.5478114904169563 0.030633270840401395 0.04968382463851421
0 0.7991327337013859 0.45306695846813405 0.03237764984817109 0.05902390897621385
0 0.7163714895091176 0.46798536492721254 0.03645337701095315 0.05460981288909171
0 0.6405274115898071 0.4353717196967143 0.02590939503884755 0.04758949755134141
0 0.5928943058129644 0.4896348530553691 0.026896498003183448 0.04486560315919056
0 0.5095444440456721 0.41532264528025614 0.02477678886829615 0.04290598453608496
0 0.3472883212393431 0.490777257989239 0.02590939503884755 0.04758949755134141
0 0.2730943749293183 0.4668656131301899 0.02535218590396037 0.045710704006676095
0 0.25763968182550917 0.4325156204222214 0.017860452328747202 0.035148335122102865
0 0.30456924552784 0.427313090291234 0.020428243193859903 0.03343119173431811
0 0.3269601225387929 0.3734307031081051 0.019961973562857574 0.03618202781928243
0 0.44277112813553393 0.45068868471200757 0.02213624640007564 0.04091942422016591
0 0.4648528108332787 0.4125470382696195 0.01399636418609044 0.023848632161297526
0 0.5978653777418252 0.39549172141700695 0.01769676122175478 0.026815001788769534
0 0.6090533707246943 0.4351498402600755 0.022008931094636825 0.034437942738684425
0 0.6916418298595818 0.42902773009729334 0.025243058499298834 0.040155148451120545
0 0.7354472232953214 0.3842124478475919 0.026230161463634497 0.03743125405896969
0 0.6958002323092688 0.38950075724215416 0.020428243193859903 0.03343119173431811
0 0.7231539059930661 0.34784895313089087 0.015056218753534268 0.024828441472850373
0 0.6757365768643567 0.36463902818235916 0.013475530852757107 0.023821690468484168
0 0.6601603545108983 0.3497200090724283 0.010871364186090441 0.023686982004416962
0 0.6217426952550711 0.3586446679386607 0.013439155051203263 0.021969838616632317
0 0.6020328741419008 0.3555017855989048 0.013439155051203263 0.021969838616632317
0 0.5600942186969888 0.33177160763727426 0.011283070114762003 0.01815836814167487