0 0.442061022800578 0.03945630789722414 0.03516371226782269 0.026208121098569768
0 0.46422139469597584 0.10505302051336515 0.030157450844004667 0.06378307551162442
0 0.43634115780309735 0.19803655219414387 0.03487528593122858 0.06500000784998156
0 0.47878136919397474 0.22423438697131035 0.023209743837853836 0.04209877066541984
0 0.44631064178279123 0.6292593613090197 0.02838260523343692 0.057204591892665725
0 0.47606394880776537 0.6172458470780211 0.02192539647339551 0.03462669516636104
0 0.501837493531976 0.6424089923887654 0.019169554370609156 0.029835395307603003
0 0.5043959145598402 0.688769956776713 0.028969245591744415 0.043380371095428326
0 0.5050401706513993 0.7798281572742012 0.02146523331451012 0.03644621297238725
0 0.486188891688675 0.8073031672365286 0.025874580678968327 0.0441122927464002
0 0.5137067039282628 0.8857070532880137 0.020423566647843453 0.036381544880735764
0 0.5180877986148271 0.9797693698840594 0.021035405242848526 0.03919165670433939
0 0.4926101424950332 0.9398399108272387 0.027588756115088132 0.048838924513506965
0 0.5264521960592841 0.838448091400072 0.014972552616718577 0.028650797015071325
0 0.5250796548663836 0.7727558517280699 0.014391049108937182 0.026766611117393833
0 0.535213275054949 0.7488978296533724 0.013748875426708195 0.023030573367864487
0 0.5453464092275812 0.820216173674091 0.011114373672817616 0.02194297721281015
0 0.5437995627871264 0.7254057684041607 0.012065035077812307 0.019229867526683864
0 0.5399467637017181 0.6554013588592762 0.014178703498369553 0.02028512963591235
0 0.5601885628341845 0.6386391651367485 0.011604871918927036 0.021049385332709867
0 0.5228605426644424 0.6256952997349762 0.014790542093374862 0.023095241459515768
0 0.5332195935978574 0.5214595593567642 0.021252887703942493 0.029964731490905772
0 0.528767555035793 0.4569622042986969 0.013137036831702887 0.02022046154426107
0 0.5143361401465458 0.413098297597499 0.012798214021713269 0.025743683053990985
0 0.498857921740106 0.3848781294995648 0.012858884196161095 0.027595534905842836
0 0.5101079359359344 0.08572469539254239 0.01653505261671846 0.02874779915254856
0 0.4951806429420852 0.10605097031406792 0.018188557878390316 0.03162257906780339
0 0.5103655411693714 0.14118324881062086 0.01699521577560385 0.0269282813465224
0 0.5362653200850375 0.20192987417786196 0.015402380688379935 0.0259053532831194