0 0.4360282458918427 0.08571712247872493 0.039465291723114033 0.06821835055703708
0 0.48427799788947395 0.12062407795520648 0.026721844941903092 0.041796747832798395
0 0.40907737769561975 0.5930918160507825 0.03272175410815734 0.06886411133609054
0 0.44454752845695045 0.5838983715498567 0.032532898763699455 0.04481158842716055
0 0.4728543799947547 0.6142719034645893 0.02313060304532281 0.04349774152864214
0 0.4690787121220732 0.6715931062114205 0.03113417307395897 0.050302490487283816
0 0.4607996104713742 0.7755442612266469 0.026994802125668828 0.051056007092057806
0 0.4362418786758451 0.80373034987926 0.02872107643592834 0.05667621614304524
0 0.43065547489947714 0.9578539142156385 0.031434425976101465 0.060487675672469425
0 0.45361862185415436 0.9912495470830147 0.021925162068396748 0.017500905833970525
0 0.45981439017152004 0.8974112763116263 0.02036266206839675 0.037834430147366316
0 0.48317589948095474 0.8390463904058444 0.02082890396497691 0.03600412946065835
0 0.49929479685003036 0.7344925769418525 0.016059516809847095 0.033032391196584535
0 0.48282362958035624 0.7625497456912353 0.016553054424803784 0.0321280164358025
0 0.5032667117076747 0.8208730776172642 0.01370322629274791 0.02368692727674889
0 0.5120245957720531 0.7095252907772024 0.013757817729501198 0.025538779128600742
0 0.5132348258714546 0.6330932995580255 0.013346167269674088 0.029220931667160558
0 0.5186718507847216 0.5990172252024906 0.011729075832920917 0.02730442631987663
0 0.4953708293766044 0.5934177931413793 0.018636387758137238 0.03221422109637868
0 0.5407880828817543 0.5563607532897332 0.019320995401730084 0.03779132781707833
0 0.5131853833112956 0.4578777879065851 0.022088936378656145 0.04345463919835395
0 0.5204420028649619 0.3974559269924493 0.013785113447877724 0.026464705054526774
0 0.508662017375674 0.3459804463553506 0.013812409166254251 0.0273906309804527
0 0.49375924657056436 0.31198980248512415 0.018882049223526445 0.04054755442971201
0 0.529635123247425 0.04138353056107075 0.019293699683353437 0.03686540189115228
0 0.5566159177597868 0.09905032612547408 0.0175401296547174 0.03031926691423871
0 0.5462022133652685 0.23118834396858107 0.012661559626081242 0.023643824946460907