0 0.8171875 0.7902777777777777 0.05416666666666667 0.08611111111111111
0 0.9669270833333333 0.7824074074074074 0.06614583333333333 0.1
0 0.9296875 0.6101851851851852 0.04375 0.06851851851851852
0 0.8471354166666667 0.5819444444444445 0.0359375 0.05277777777777778
0 0.7828125 0.5902777777777778 0.030208333333333334 0.05092592592592592
0 0.74453125 0.5560185185185185 0.0390625 0.05092592592592592
0 0.6838541666666667 0.611574074074074 0.035416666666666666 0.049074074074074076
0 0.52578125 0.4898148148148148 0.024479166666666666 0.04259259259259259
0 0.4427083333333333 0.6143518518518518 0.029166666666666667 0.049074074074074076
0 0.26796875 0.5504629629629629 0.027604166666666666 0.049074074074074076
0 0.24739583333333334 0.5111111111111111 0.01875 0.02962962962962963
0 0.29609375 0.512962962962963 0.019270833333333334 0.037037037037037035
0 0.3411458333333333 0.5527777777777778 0.029166666666666667 0.046296296296296294
0 0.3614583333333333 0.5189814814814815 0.019791666666666666 0.03981481481481482
0 0.4078125 0.5162037037037037 0.022916666666666665 0.04537037037037037
0 0.4354166666666667 0.5175925925925926 0.017708333333333333 0.03148148148148148
0 0.4484375 0.5574074074074075 0.021875 0.04259259259259259
0 0.5859375 0.513425925925926 0.017708333333333333 0.03796296296296296
0 0.67109375 0.538425925925926 0.0171875 0.03425925925925926
0 0.7348958333333333 0.5046296296296297 0.019791666666666666 0.037037037037037035
0 0.7486979166666666 0.47685185185185186 0.016145833333333335 0.02962962962962963
0 0.7075520833333333 0.47638888888888886 0.0140625 0.023148148148148147
0 0.5661458333333333 0.4824074074074074 0.0125 0.020370370370370372
0 0.4453125 0.48194444444444445 0.013541666666666667 0.026851851851851852
0 0.32838541666666665 0.4810185185185185 0.016145833333333335 0.025
0 0.36302083333333335 0.4842592592592593 0.015625 0.024074074074074074
0 0.33645833333333336 0.44814814814814813 0.011458333333333333 0.018518518518518517
0 0.3924479166666667 0.44537037037037036 0.0109375 0.024074074074074074
0 0.3770833333333333 0.4615740740740741 0.013541666666666667 0.023148148148148147
0 0.44375 0.44675925925925924 0.010416666666666666 0.021296296296296296
0 0.42630208333333336 0.45 0.013020833333333334 0.025925925925925925
0 0.48333333333333334 0.42314814814814816 0.0125 0.024074074074074074
0 0.6848958333333334 0.4324074074074074 0.016666666666666666 0.02962962962962963