0 0.81953125 0.7907407407407407 0.04739583333333333 0.07592592592592592
0 0.9674479166666666 0.7856481481481481 0.0640625 0.09722222222222222
0 0.928125 0.6162037037037037 0.041666666666666664 0.06388888888888888
0 0.84921875 0.5888888888888889 0.030729166666666665 0.05555555555555555
0 0.78359375 0.5939814814814814 0.03697916666666667 0.05277777777777778
0 0.74296875 0.5532407407407407 0.0359375 0.04351851851851852
0 0.684375 0.6143518518518518 0.034375 0.05092592592592592
0 0.4427083333333333 0.6189814814814815 0.03125 0.05092592592592592
0 0.26875 0.5518518518518518 0.028125 0.040740740740740744
0 0.34140625 0.5564814814814815 0.030729166666666665 0.05
0 0.24973958333333332 0.5097222222222222 0.021354166666666667 0.03425925925925926
0 0.2947916666666667 0.5171296296296296 0.023958333333333335 0.03611111111111111
0 0.35859375 0.5203703703703704 0.0265625 0.03888888888888889
0 0.4083333333333333 0.5236111111111111 0.023958333333333335 0.041666666666666664
0 0.43463541666666666 0.5189814814814815 0.019270833333333334 0.030555555555555555
0 0.44947916666666665 0.5583333333333333 0.023958333333333335 0.037037037037037035
0 0.5252604166666667 0.4949074074074074 0.0203125 0.03425925925925926
0 0.5864583333333333 0.5175925925925926 0.019791666666666666 0.027777777777777776
0 0.6708333333333333 0.5356481481481481 0.020833333333333332 0.03611111111111111
0 0.7080729166666667 0.4777777777777778 0.016145833333333335 0.02962962962962963
0 0.7341145833333333 0.5074074074074074 0.022395833333333334 0.03333333333333333
0 0.74921875 0.4791666666666667 0.016145833333333335 0.025
0 0.6861979166666666 0.43425925925925923 0.0171875 0.025925925925925925
0 0.5658854166666667 0.48657407407407405 0.015104166666666667 0.021296296296296296
0 0.44505208333333335 0.4842592592592593 0.0203125 0.02962962962962963
0 0.32916666666666666 0.4842592592592593 0.017708333333333333 0.024074074074074074
0 0.36171875 0.4898148148148148 0.015104166666666667 0.024074074074074074
0 0.3776041666666667 0.4652777777777778 0.015625 0.019444444444444445
0 0.33671875 0.45185185185185184 0.0140625 0.024074074074074074
0 0.39088541666666665 0.44907407407407407 0.0109375 0.018518518518518517
0 0.42604166666666665 0.4546296296296296 0.013541666666666667 0.024074074074074074
0 0.44453125 0.44722222222222224 0.011979166666666667 0.020370370370370372
0 0.48151041666666666 0.42268518518518516 0.0140625 0.025
0 0.5421875 0.4634259259259259 0.0125 0.021296296296296296