0 0.9622395833333334 0.7939814814814815 0.06302083333333333 0.09722222222222222
0 0.8213541666666667 0.7958333333333333 0.053125 0.08055555555555556
0 0.93046875 0.6231481481481481 0.044270833333333336 0.06666666666666667
0 0.8442708333333333 0.5930555555555556 0.03229166666666667 0.05277777777777778
0 0.7838541666666666 0.5995370370370371 0.03229166666666667 0.05648148148148148
0 0.74296875 0.562962962962963 0.03177083333333333 0.046296296296296294
0 0.6856770833333333 0.6217592592592592 0.030729166666666665 0.04722222222222222
0 0.44427083333333334 0.6236111111111111 0.027083333333333334 0.041666666666666664
0 0.26927083333333335 0.5569444444444445 0.023958333333333335 0.041666666666666664
0 0.3424479166666667 0.562037037037037 0.028645833333333332 0.046296296296296294
0 0.35885416666666664 0.5259259259259259 0.01875 0.03518518518518519
0 0.4083333333333333 0.5236111111111111 0.019791666666666666 0.03796296296296296
0 0.44973958333333336 0.5680555555555555 0.022395833333333334 0.03611111111111111
0 0.43645833333333334 0.525 0.015625 0.027777777777777776
0 0.30026041666666664 0.5171296296296296 0.019270833333333334 0.032407407407407406
0 0.24817708333333333 0.5166666666666667 0.021354166666666667 0.03148148148148148
0 0.3294270833333333 0.487962962962963 0.0140625 0.025925925925925925
0 0.3372395833333333 0.4550925925925926 0.0140625 0.017592592592592594
0 0.378125 0.4708333333333333 0.015625 0.023148148148148147
0 0.3932291666666667 0.4527777777777778 0.009375 0.018518518518518517
0 0.446875 0.4912037037037037 0.014583333333333334 0.028703703703703703
0 0.42916666666666664 0.4550925925925926 0.0125 0.023148148148148147
0 0.44557291666666665 0.4532407407407407 0.008854166666666666 0.019444444444444445
0 0.471875 0.425 0.0125 0.020370370370370372
0 0.51875 0.48009259259259257 0.014583333333333334 0.028703703703703703
0 0.58515625 0.5199074074074074 0.0140625 0.028703703703703703
0 0.734375 0.5148148148148148 0.020833333333333332 0.03518518518518519
0 0.75078125 0.48518518518518516 0.013020833333333334 0.024074074074074074
0 0.7111979166666667 0.4847222222222222 0.015104166666666667 0.025
0 0.68828125 0.4398148148148148 0.0140625 0.024074074074074074
0 0.5666666666666667 0.49166666666666664 0.011458333333333333 0.024074074074074074
0 0.5424479166666667 0.4689814814814815 0.0109375 0.01574074074074074