0 0.457860003390902 0.9291666666666667 0.03760032413679338 0.07407407407407407
0 0.4289135574013074 0.812962962962963 0.04719368988380606 0.08148148148148149
0 0.45468636457817835 0.33564814814814814 0.03707949080346005 0.07407407407407407
0 0.5059696511757291 0.15833333333333333 0.03538051221157706 0.06944444444444445
0 0.5143059467812111 0.025925925925925925 0.03694522689575545 0.05185185185185185
0 0.5359275339211979 0.07916666666666666 0.027981877355582205 0.04814814814814815
0 0.5266473213475458 0.19722222222222222 0.024829581637205677 0.04722222222222222
0 0.5185349281995222 0.29305555555555557 0.03296963025772482 0.058333333333333334
0 0.516719015339509 0.34629629629629627 0.02455662445343994 0.03796296296296296
0 0.48942764209208395 0.36574074074074076 0.02883247399361295 0.041666666666666664
0 0.5320068603943068 0.5203703703703704 0.02463851160856976 0.040740740740740744
0 0.4766675570998037 0.7986111111111112 0.031161468792335494 0.05
0 0.502798502562105 0.6337962962962963 0.025570995401730082 0.037037037037037035
0 0.5087024888801899 0.8782407407407408 0.023048715890193115 0.03981481481481482
0 0.48890528550307766 0.9222222222222223 0.023569549223526446 0.03981481481481482
0 0.5045258561347211 0.9574074074074074 0.020747016809847096 0.032407407407407406
0 0.5389834908778212 0.8453703703703703 0.0175401296547174 0.02962962962962963
0 0.5402254741436882 0.5606481481481481 0.014333242499587584 0.026851851851851852
0 0.5723950576656306 0.44166666666666665 0.0197599415799336 0.03425925925925926
0 0.5370281933132418 0.3726851851851852 0.021679500603007305 0.028703703703703703
0 0.5690166728853501 0.16805555555555557 0.011565301522661286 0.021296296296296296
0 0.556370228214665 0.24259259259259258 0.017128479194890408 0.03333333333333333
0 0.5649459009871202 0.2773148148148148 0.014854075832920918 0.026851851851851852
0 0.5611137867476261 0.3416666666666667 0.0175401296547174 0.02962962962962963
0 0.5592727928534148 0.3763888888888889 0.016553054424803784 0.03148148148148148