0 0.8200520833333333 0.7949074074074074 0.050520833333333334 0.0787037037037037
0 0.9700520833333334 0.7907407407407407 0.0578125 0.09814814814814815
0 0.92890625 0.6263888888888889 0.04739583333333333 0.0712962962962963
0 0.8497395833333333 0.5939814814814814 0.033854166666666664 0.06018518518518518
0 0.78125 0.5949074074074074 0.035416666666666666 0.05462962962962963
0 0.7421875 0.5601851851851852 0.035416666666666666 0.046296296296296294
0 0.6864583333333333 0.6212962962962963 0.034375 0.06296296296296296
0 0.440625 0.6226851851851852 0.03125 0.04351851851851852
0 0.26901041666666664 0.5560185185185185 0.022395833333333334 0.041666666666666664
0 0.24765625 0.5203703703703704 0.021354166666666667 0.037037037037037035
0 0.29661458333333335 0.5162037037037037 0.021354166666666667 0.03611111111111111
0 0.3268229166666667 0.4842592592592593 0.016145833333333335 0.02962962962962963
0 0.3411458333333333 0.5574074074074075 0.025 0.044444444444444446
0 0.36015625 0.5236111111111111 0.0171875 0.03796296296296296
0 0.4083333333333333 0.5203703703703704 0.022916666666666665 0.040740740740740744
0 0.4359375 0.5189814814814815 0.016666666666666666 0.032407407407407406
0 0.4471354166666667 0.562962962962963 0.0203125 0.037037037037037035
0 0.5234375 0.48518518518518516 0.01875 0.03333333333333333
0 0.56484375 0.48657407407407405 0.0109375 0.017592592592592594
0 0.58359375 0.5189814814814815 0.0203125 0.028703703703703703
0 0.6713541666666667 0.538425925925926 0.022916666666666665 0.03425925925925926
0 0.7057291666666666 0.48657407407407405 0.014583333333333334 0.026851851851851852
0 0.7338541666666667 0.513425925925926 0.016666666666666666 0.026851851851851852
0 0.75 0.4847222222222222 0.014583333333333334 0.030555555555555555
0 0.68671875 0.43657407407407406 0.013020833333333334 0.023148148148148147
0 0.54140625 0.4671296296296296 0.009895833333333333 0.017592592592592594
0 0.47682291666666665 0.4263888888888889 0.016145833333333335 0.021296296296296296
0 0.4466145833333333 0.48703703703703705 0.0140625 0.03333333333333333
0 0.3776041666666667 0.4699074074074074 0.0125 0.028703703703703703
0 0.3375 0.45787037037037037 0.013541666666666667 0.023148148148148147
0 0.39088541666666665 0.45185185185185184 0.015104166666666667 0.024074074074074074
0 0.4236979166666667 0.4550925925925926 0.016145833333333335 0.023148148148148147
0 0.4440104166666667 0.4527777777777778 0.0109375 0.016666666666666666