0 0.8208333333333333 0.7967592592592593 0.053125 0.08611111111111111
0 0.9611979166666667 0.7939814814814815 0.06197916666666667 0.09907407407407408
0 0.9330729166666667 0.6259259259259259 0.04114583333333333 0.06481481481481481
0 0.8440104166666667 0.5972222222222222 0.03177083333333333 0.05740740740740741
0 0.784375 0.6023148148148149 0.036458333333333336 0.06018518518518518
0 0.7421875 0.5597222222222222 0.03333333333333333 0.04722222222222222
0 0.6875 0.6180555555555556 0.035416666666666666 0.04722222222222222
0 0.4421875 0.6240740740740741 0.029166666666666667 0.05185185185185185
0 0.34088541666666666 0.5643518518518519 0.03177083333333333 0.04722222222222222
0 0.2708333333333333 0.5546296296296296 0.027083333333333334 0.044444444444444446
0 0.24869791666666666 0.5148148148148148 0.019270833333333334 0.03333333333333333
0 0.29765625 0.5180555555555556 0.019270833333333334 0.03796296296296296
0 0.35911458333333335 0.524537037037037 0.0203125 0.03611111111111111
0 0.41041666666666665 0.524537037037037 0.021875 0.04351851851851852
0 0.43671875 0.5268518518518519 0.021354166666666667 0.037037037037037035
0 0.44973958333333336 0.5680555555555555 0.019270833333333334 0.03425925925925926
0 0.5174479166666667 0.4824074074074074 0.019270833333333334 0.040740740740740744
0 0.5848958333333333 0.5199074074074074 0.016666666666666666 0.03425925925925926
0 0.5671875 0.4949074074074074 0.010416666666666666 0.019444444444444445
0 0.7140625 0.487962962962963 0.014583333333333334 0.03148148148148148
0 0.671875 0.5449074074074074 0.017708333333333333 0.028703703703703703
0 0.7375 0.5162037037037037 0.025 0.03425925925925926
0 0.7502604166666667 0.48703703703703705 0.013020833333333334 0.027777777777777776
0 0.6880208333333333 0.44166666666666665 0.013541666666666667 0.024074074074074074
0 0.5427083333333333 0.4703703703703704 0.0125 0.022222222222222223
0 0.47161458333333334 0.425 0.016145833333333335 0.025925925925925925
0 0.4453125 0.45231481481481484 0.011458333333333333 0.019444444444444445
0 0.42630208333333336 0.45740740740740743 0.011979166666666667 0.016666666666666666
0 0.39348958333333334 0.45694444444444443 0.018229166666666668 0.026851851851851852
0 0.3375 0.4537037037037037 0.008333333333333333 0.014814814814814815
0 0.33125 0.4875 0.016666666666666666 0.025
0 0.37890625 0.47314814814814815 0.016145833333333335 0.024074074074074074
0 0.4471354166666667 0.48842592592592593 0.015104166666666667 0.025
0 0.36223958333333334 0.4888888888888889 0.0140625 0.022222222222222223