0 0.8190104166666666 0.799537037037037 0.0515625 0.07685185185185185
0 0.953125 0.7907407407407407 0.07291666666666667 0.09074074074074075
0 0.93046875 0.6240740740740741 0.043229166666666666 0.06666666666666667
0 0.8388020833333333 0.5972222222222222 0.034895833333333334 0.05740740740740741
0 0.7817708333333333 0.6 0.034375 0.053703703703703705
0 0.7416666666666667 0.5652777777777778 0.03125 0.04722222222222222
0 0.6848958333333334 0.624537037037037 0.030208333333333334 0.05462962962962963
0 0.6713541666666667 0.5481481481481482 0.01875 0.037037037037037035
0 0.440625 0.6199074074074075 0.03125 0.04351851851851852
0 0.4473958333333333 0.5666666666666667 0.019791666666666666 0.046296296296296294
0 0.43463541666666666 0.5212962962962963 0.019270833333333334 0.03148148148148148
0 0.40703125 0.5222222222222223 0.022395833333333334 0.04259259259259259
0 0.3567708333333333 0.5254629629629629 0.022916666666666665 0.03611111111111111
0 0.3419270833333333 0.5601851851851852 0.025520833333333333 0.03888888888888889
0 0.2677083333333333 0.5546296296296296 0.027083333333333334 0.04259259259259259
0 0.24713541666666666 0.5152777777777777 0.019270833333333334 0.030555555555555555
0 0.2984375 0.5157407407407407 0.016666666666666666 0.027777777777777776
0 0.32786458333333335 0.48564814814814816 0.016145833333333335 0.028703703703703703
0 0.37890625 0.4708333333333333 0.015104166666666667 0.021296296296296296
0 0.3645833333333333 0.4935185185185185 0.014583333333333334 0.022222222222222223
0 0.3377604166666667 0.45694444444444443 0.0109375 0.019444444444444445
0 0.39166666666666666 0.4537037037037037 0.011458333333333333 0.018518518518518517
0 0.4283854166666667 0.4587962962962963 0.013020833333333334 0.017592592592592594
0 0.44479166666666664 0.4532407407407407 0.0125 0.01574074074074074
0 0.44609375 0.48935185185185187 0.0140625 0.025
0 0.4666666666666667 0.42407407407407405 0.016666666666666666 0.025925925925925925
0 0.5119791666666667 0.47453703703703703 0.019791666666666666 0.030555555555555555
0 0.54140625 0.4689814814814815 0.011979166666666667 0.019444444444444445
0 0.5651041666666666 0.4912037037037037 0.0125 0.019444444444444445
0 0.58046875 0.5171296296296296 0.018229166666666668 0.025
0 0.7122395833333334 0.48703703703703705 0.0171875 0.025925925925925925
0 0.7359375 0.5157407407407407 0.019791666666666666 0.03333333333333333
0 0.7497395833333333 0.4888888888888889 0.0140625 0.025925925925925925
0 0.6864583333333333 0.44074074074074077 0.013541666666666667 0.024074074074074074
0 0.62265625 0.4449074074074074 0.0109375 0.017592592592592594