0 0.21331957507778262 0.8897547519423489 0.04929207088711062 0.0895426144686871
0 0.07075215502902603 0.896724579963318 0.06768487878747935 0.10715224038382429
0 0.08905418627971254 0.7195210943958946 0.04233032278112493 0.06974792801766785
0 0.18080985524633217 0.6803082925423922 0.031265546266023375 0.056219189505622616
0 0.23859962729720688 0.6809840056298693 0.0349750178569075 0.06288926283679833
0 0.2794876800571504 0.63034809243076 0.032279939393739694 0.05349529511347176
0 0.3435429983740485 0.6859497937688146 0.030781077651290425 0.059895951516512856
0 0.278768158818153 0.583575362325094 0.016445842261787174 0.03139074803277203
0 0.26315356804444157 0.5573176194241346 0.01640947754318661 0.027687044329068326
0 0.2994982616321485 0.5476294638470013 0.01852917559512039 0.03149851480402588
0 0.44075318912128314 0.5660417737105549 0.017451144209853216 0.02774092771469546
0 0.4565990135261628 0.5363214106322161 0.011685612824586163 0.023740865390043886
0 0.5096571477254254 0.5057496008122604 0.017487508928453722 0.03144463141839916
0 0.5936047271350511 0.6521494887528203 0.025929936417588333 0.042986809614525244
0 0.582386718612536 0.5965045914575523 0.020164405032321517 0.03898674728987367
0 0.5913026140402053 0.5502302826689349 0.016445842261787174 0.03139074803277224
0 0.620392005679846 0.5438686470961172 0.023864785443555546 0.04473089469512346
0 0.6734533674222952 0.5401352182816066 0.019607206980387558 0.035256101893356505
0 0.6930423920433825 0.5735394683231113 0.024915543289872253 0.04571070400667631
0 0.7683814017837136 0.5589274952625418 0.027044332521456008 0.050448100407559364
0 0.7866586604419077 0.5117492480556775 0.02018258739162159 0.04083859914172552
0 0.7367995737264844 0.523514697397439 0.022804936417588333 0.04282515945764468
0 0.7026772172601395 0.4944486725497505 0.014307961850552905 0.025727425705963047
0 0.6660766525955909 0.50458632024344 0.0132572040042362 0.0247476163944102
0 0.5797637781366594 0.5149288140512237 0.014856068722836823 0.02853214517655408
0 0.559070766637993 0.44861378110012845 0.013275386363536512 0.026599468246261946
0 0.6906584583316857 0.46328692890589257 0.012206446157919496 0.023767807082857348
0 0.6489677456692553 0.4851921967084846 0.012736370670902867 0.024720674701596737
0 0.632945961307837 0.4704815861887858 0.010607581439318873 0.01998327830071326
0 0.5955505098738133 0.4791899324543663 0.011658339285635814 0.02096308761226611
0 0.5780935020274964 0.47736145981919004 0.008506065746685465 0.01802365967760756
0 0.4774018457773591 0.5077829195615308 0.010095839285635814 0.020882262533825725
0 0.32636017911069254 0.49996982864563294 0.013266295183886475 0.025673542320336123