0 0.2565369134857008 0.02767131951187467 0.056111717980934374 0.05534263902374934
0 0.39068331878946577 0.054968851393206855 0.04631147949684997 0.09199709193270351
0 0.42190656409452393 0.149414687546648 0.03568223656745909 0.0868286284468051
0 0.3915917277332387 0.26235783376907307 0.03946626596122217 0.07871082865597924
0 0.44162887485506797 0.28900545215768303 0.028550066566812523 0.05597671427030167
0 0.47675343182259017 0.18416663487967708 0.019281397677492627 0.03517527681491622
0 0.4573019731349182 0.14711968947237108 0.024266504445306463 0.04189923353171865
0 0.4729110836393613 0.11754038075223056 0.02192807959670411 0.036235911204909356
0 0.4748715086973703 0.4729109069342299 0.02226820161706288 0.04364331861231676
0 0.49577917925368015 0.5075622124482807 0.014508867172402991 0.03308094972774353
0 0.5204547748116064 0.6185889360048137 0.02530817111197313 0.04195311691734568
0 0.51116493425465 0.5527085326148712 0.014774608990467186 0.027552335865001228
0 0.5120211661673959 0.2473110647400585 0.019972292021005224 0.03890592221143339
0 0.4247752691583519 0.7803914018169497 0.03439612868831858 0.07013502008732496
0 0.4628811759760929 0.7575374415226082 0.031547520809177956 0.05336058664940445
0 0.49479003345258415 0.83848999751809 0.029464187475844738 0.0532528198781506
0 0.47893626683907725 0.9650710407328107 0.02875207848537755 0.026427909719112633
0 0.5022143561316932 0.9490169080485775 0.026689959798998568 0.04941440771038001
0 0.49371658779480376 0.7810017650322422 0.024096443435127193 0.03819552982801505
0 0.515331214107455 0.7571446162096723 0.01894127565713385 0.027767869407508923
0 0.5350269420903291 0.9018414442597067 0.012957017475198047 0.021915955231005497
0 0.5449334687057755 0.8674524307215147 0.017123684141864715 0.02213148877351277
0 0.5564717652687087 0.7378461803085606 0.015125381313621252 0.023875573854110987
0 0.5368500736535855 0.7880518054807993 0.016082017475198048 0.022077605387886057
0 0.5364462217337275 0.7565164406136909 0.012871986970108414 0.020064103379153646