0 0.8177083333333334 0.799074074074074 0.041666666666666664 0.07592592592592592
0 0.95390625 0.7870370370370371 0.058854166666666666 0.08888888888888889
0 0.925 0.6217592592592592 0.036458333333333336 0.058333333333333334
0 0.83515625 0.5962962962962963 0.0265625 0.04814814814814815
0 0.7799479166666666 0.6041666666666666 0.0296875 0.05277777777777778
0 0.7380208333333333 0.562037037037037 0.028125 0.044444444444444446
0 0.6807291666666667 0.6226851851851852 0.026041666666666668 0.05092592592592592
0 0.7356770833333334 0.5171296296296296 0.0140625 0.026851851851851852
0 0.7486979166666666 0.49027777777777776 0.0140625 0.023148148148148147
0 0.7135416666666666 0.4861111111111111 0.015625 0.025925925925925925
0 0.58046875 0.5217592592592593 0.015104166666666667 0.023148148148148147
0 0.56328125 0.49537037037037035 0.009895833333333333 0.020370370370370372
0 0.5106770833333333 0.47314814814814815 0.015104166666666667 0.025925925925925925
0 0.44036458333333334 0.6226851851851852 0.022395833333333334 0.03611111111111111
0 0.44765625 0.5685185185185185 0.0171875 0.03333333333333333
0 0.4359375 0.5254629629629629 0.013541666666666667 0.026851851851851852
0 0.4080729166666667 0.5236111111111111 0.0203125 0.03796296296296296
0 0.3572916666666667 0.5268518518518519 0.016666666666666666 0.02962962962962963
0 0.34088541666666666 0.5611111111111111 0.021354166666666667 0.03888888888888889
0 0.2682291666666667 0.5564814814814815 0.022916666666666665 0.04259259259259259
0 0.24765625 0.5148148148148148 0.0171875 0.03518518518518519
0 0.29609375 0.5189814814814815 0.019270833333333334 0.03611111111111111
0 0.3265625 0.48703703703703705 0.0125 0.022222222222222223
0 0.3619791666666667 0.49212962962962964 0.011458333333333333 0.021296296296296296
0 0.44479166666666664 0.49074074074074076 0.0125 0.024074074074074074
0 0.46015625 0.425462962962963 0.0109375 0.023148148148148147
0 0.3359375 0.4564814814814815 0.010416666666666666 0.020370370370370372
0 0.3768229166666667 0.47175925925925927 0.0109375 0.021296296296296296
0 0.39140625 0.45555555555555555 0.008854166666666666 0.016666666666666666
0 0.42734375 0.4587962962962963 0.009895833333333333 0.017592592592592594
0 0.4440104166666667 0.4550925925925926 0.0067708333333333336 0.01574074074074074
0 0.5416666666666666 0.4708333333333333 0.008333333333333333 0.017592592592592594
0 0.6848958333333334 0.4444444444444444 0.011458333333333333 0.022222222222222223