0 0.47236796200900305 0.47485785382513035 0.015493385950051912 0.02883417830722545
0 0.5226178619666507 0.5505723544759232 0.027037587694530765 0.048144997222829666
0 0.5094639565355696 0.8661590299299959 0.02048423682229128 0.038432994879521495
0 0.5399376003781293 0.8959718090203763 0.01990273331451012 0.03654341443733234
0 0.5621637792985013 0.9449444926650113 0.01870939121172365 0.03183832762702768
0 0.5699238004157758 0.8232622660490861 0.02250176313065045 0.052435069539422716
0 0.5460978101562903 0.6537494333775624 0.02155623857618186 0.03943437798612224
0 0.5044719952858666 0.578338336912128 0.011084038585593585 0.021124942177118765
0 0.48002156731302725 0.3977332574246618 0.015372045601156022 0.025130474603521743
0 0.4814123304907359 0.3605075774359377 0.013228042093374744 0.023127708390320256
0 0.4723663656156063 0.2915536046658797 0.015432715775603848 0.026982326455373594
0 0.4637301674259667 0.1873012609396242 0.012186375426708078 0.023052251209645436
0 0.4830845437531492 0.16455241391533734 0.01711655612449974 0.030799215930089528
0 0.48243931562972375 0.264372415379905 0.013930885950051793 0.02872099253621322
0 0.5197215901606633 0.3187513156814051 0.02789210698732762 0.05836791099835237
0 0.5220018585529858 0.37241729079477137 0.019963403488957945 0.03839526628918398
0 0.5013909015233059 0.39664934818379066 0.01969038770394249 0.030061932955850752
0 0.5833059480249363 0.3712249221708656 0.03000577540788498 0.05944475128562793
0 0.5342095104056985 0.1873004938366655 0.03380328417733788 0.06433848104761948
0 0.5104380814382684 0.22661146617286151 0.022719245591744416 0.043213538870500764
0 0.5178191569732102 0.04555679452666478 0.03356060347954634 0.05693107364021208
0 0.4976732569449753 0.09991917309861406 0.021616908750629923 0.041286229837974094
0 0.4890015868175855 0.016053638958796263 0.02219841225841108 0.032107277917592526
0 0.6185710776010803 0.8341242232947269 0.03438478768511904 0.06622806148980889
0 0.5932772714059934 0.9385141105780996 0.033292724545057224 0.03289472815647535