0 0.8208333333333333 0.7981481481481482 0.05 0.08703703703703704
0 0.9666666666666667 0.7939814814814815 0.06145833333333333 0.10092592592592593
0 0.9294270833333333 0.6208333333333333 0.0453125 0.06388888888888888
0 0.8463541666666666 0.5930555555555556 0.03333333333333333 0.05648148148148148
0 0.7807291666666667 0.5986111111111111 0.029166666666666667 0.05648148148148148
0 0.7424479166666667 0.5652777777777778 0.0328125 0.04537037037037037
0 0.6841145833333333 0.6208333333333333 0.034895833333333334 0.049074074074074076
0 0.4421875 0.6212962962962963 0.029166666666666667 0.04814814814814815
0 0.34348958333333335 0.5615740740740741 0.0265625 0.04537037037037037
0 0.26927083333333335 0.5574074074074075 0.025 0.044444444444444446
0 0.24791666666666667 0.5171296296296296 0.020833333333333332 0.030555555555555555
0 0.3 0.5185185185185185 0.01875 0.03518518518518519
0 0.3567708333333333 0.5231481481481481 0.021875 0.03333333333333333
0 0.4080729166666667 0.5268518518518519 0.021354166666666667 0.040740740740740744
0 0.43515625 0.525 0.016145833333333335 0.02962962962962963
0 0.44921875 0.5648148148148148 0.022395833333333334 0.03888888888888889
0 0.5205729166666667 0.4837962962962963 0.018229166666666668 0.032407407407407406
0 0.5408854166666667 0.4671296296296296 0.011979166666666667 0.023148148148148147
0 0.5638020833333334 0.49212962962962964 0.013020833333333334 0.023148148148148147
0 0.5833333333333334 0.5171296296296296 0.015625 0.028703703703703703
0 0.6708333333333333 0.5435185185185185 0.022916666666666665 0.03518518518518519
0 0.32786458333333335 0.4861111111111111 0.015104166666666667 0.025925925925925925
0 0.36354166666666665 0.48935185185185187 0.0125 0.021296296296296296
0 0.3776041666666667 0.4708333333333333 0.013541666666666667 0.019444444444444445
0 0.33619791666666665 0.4546296296296296 0.0140625 0.024074074074074074
0 0.3924479166666667 0.4513888888888889 0.011979166666666667 0.017592592592592594
0 0.44505208333333335 0.4550925925925926 0.011979166666666667 0.023148148148148147
0 0.44453125 0.4875 0.013020833333333334 0.019444444444444445
0 0.47317708333333336 0.4263888888888889 0.013020833333333334 0.017592592592592594
0 0.6869791666666667 0.4398148148148148 0.016666666666666666 0.027777777777777776
0 0.7083333333333334 0.4828703703703704 0.013541666666666667 0.023148148148148147
0 0.7333333333333333 0.5162037037037037 0.020833333333333332 0.032407407407407406
0 0.7510416666666667 0.4847222222222222 0.015625 0.025
0 0.4276041666666667 0.4550925925925926 0.013541666666666667 0.019444444444444445