0 0.44166666666666665 0.624537037037037 0.027083333333333334 0.049074074074074076
0 0.8184895833333333 0.8069444444444445 0.049479166666666664 0.08981481481481482
0 0.9513020833333333 0.7953703703703704 0.0609375 0.09074074074074075
0 0.9088541666666666 0.6268518518518519 0.04375 0.06296296296296296
0 0.8348958333333333 0.6013888888888889 0.03333333333333333 0.05462962962962963
0 0.7825520833333334 0.6111111111111112 0.0359375 0.05925925925925926
0 0.7364583333333333 0.5717592592592593 0.03333333333333333 0.04351851851851852
0 0.6854166666666667 0.6287037037037037 0.03125 0.04814814814814815
0 0.6736979166666667 0.5578703703703703 0.022395833333333334 0.03611111111111111
0 0.44817708333333334 0.5731481481481482 0.0265625 0.04259259259259259
0 0.4356770833333333 0.5305555555555556 0.018229166666666668 0.027777777777777776
0 0.409375 0.5296296296296297 0.026041666666666668 0.040740740740740744
0 0.35989583333333336 0.5314814814814814 0.019791666666666666 0.03148148148148148
0 0.34375 0.5662037037037037 0.029166666666666667 0.04722222222222222
0 0.30234375 0.5236111111111111 0.016145833333333335 0.028703703703703703
0 0.26848958333333334 0.5592592592592592 0.027604166666666666 0.04814814814814815
0 0.25 0.5180555555555556 0.020833333333333332 0.030555555555555555
0 0.51015625 0.46805555555555556 0.016145833333333335 0.030555555555555555
0 0.4471354166666667 0.42962962962962964 0.013020833333333334 0.018518518518518517
0 0.44765625 0.49444444444444446 0.013020833333333334 0.025925925925925925
0 0.6864583333333333 0.45046296296296295 0.014583333333333334 0.026851851851851852
0 0.7192708333333333 0.49583333333333335 0.015625 0.026851851851851852
0 0.7518229166666667 0.49398148148148147 0.015104166666666667 0.025
0 0.5833333333333334 0.5287037037037037 0.016666666666666666 0.027777777777777776
0 0.5427083333333333 0.4736111111111111 0.0125 0.023148148148148147
0 0.3776041666666667 0.47638888888888886 0.014583333333333334 0.021296296296296296
0 0.3927083333333333 0.45740740740740743 0.010416666666666666 0.018518518518518517
0 0.43203125 0.46435185185185185 0.0140625 0.01574074074074074
0 0.4473958333333333 0.4587962962962963 0.010416666666666666 0.017592592592592594
0 0.4119791666666667 0.47453703703703703 0.011458333333333333 0.019444444444444445
0 0.33828125 0.4597222222222222 0.013020833333333334 0.01574074074074074