0 0.47683885420518485 0.05169902771911672 0.03502107873664879 0.07164644346084453
0 0.4338489378244948 0.1480300300617362 0.034009721474397264 0.07348752155378722
0 0.3899193363028342 0.6041344299813965 0.035481293261151826 0.06794812663659547
0 0.4008016973481785 0.941804116684216 0.03169906760795058 0.059577085147079996
0 0.4199341344688162 0.9822865958812681 0.023892141066226814 0.02802018735323423
0 0.42663520596959426 0.8911367609721104 0.0251308188615918 0.04006799814918033
0 0.4077699800304163 0.8025007467474554 0.03638656760795058 0.0596255670621712
0 0.432413061692228 0.7768253107161679 0.02732023511037802 0.04657102714848036
0 0.44177134131739915 0.6824616694635424 0.027856223145918926 0.047502339953860814
0 0.4488700046410225 0.6306744601651455 0.023047485528258468 0.0400464506313622
0 0.4251210504094569 0.6017202665668034 0.026217949634881183 0.04285654968586738
0 0.4951157398833043 0.4945555774049842 0.020337235946138794 0.033538034752607644
0 0.47547605845891944 0.35775525439381733 0.02030692654172365 0.03168618290075579
0 0.475513600598334 0.1804108117420023 0.02156075903929621 0.044659919622627976
0 0.5070727063209677 0.06636601201906198 0.02094899749271756 0.03909897718761783
0 0.5246390738761567 0.043395630892915246 0.019325878683887274 0.03537911284555036
0 0.5204456673705237 0.10864108739396548 0.019356188088302417 0.03723096469740223
0 0.5400032189892838 0.17089090616945876 0.019280414577264555 0.03260133506777255
0 0.4986216113313208 0.43948991920966446 0.015483034221855737 0.02330436765233125
0 0.48928371525052916 0.3893848750603 0.014471676959604215 0.025145445745273828
0 0.5117412948451078 0.6086357005145108 0.01713646243510105 0.0288760838462504
0 0.49248840294312013 0.6232538942292333 0.015483034221855737 0.02330436765233125
0 0.48470420845470774 0.6532710705094616 0.015037974399560146 0.027928610402506347
0 0.47992934980691115 0.722214843834761 0.01700007011523302 0.02054275051291707
0 0.4688203574606623 0.7484933016948309 0.016079641066226814 0.02793938416141541
0 0.4704119458085606 0.8263007073096088 0.016049331661811668 0.02608753230956356
0 0.44927551843107605 0.8446037506499438 0.01725770005276151 0.03628349125365781
0 0.4540655317810802 0.7747340513987185 0.019356188088302417 0.03723096469740228
0 0.4714173849964315 0.6216468367224336 0.02032208124393122 0.03261210882668172