0 0.7876053658830088 0.8953032035601028 0.0633005224795601 0.10156696458102193
0 0.9304163052510991 0.9287290398545589 0.06191986043546317 0.11543969283154701
0 0.9187237599430321 0.7475650755907666 0.051599738538356615 0.08292993471450245
0 0.8391942883117358 0.6948836443029082 0.041449332066759347 0.06338313956042085
0 0.7739569915475344 0.6844853687091351 0.03568379780891202 0.0605461061086426
0 0.7388739122034835 0.6387459970961255 0.04456220953636579 0.062489534911222326
0 0.6727397659269556 0.6769561391737362 0.040880008611851794 0.05967404897726262
0 0.5272716326629858 0.5082993292187308 0.029300449974583385 0.05029627837000219
0 0.4314129655848955 0.6087104994866119 0.03460576355106492 0.057757554571955756
0 0.26310630889143494 0.4935284508584901 0.0330432635510648 0.05774139393359195
0 0.2467671682821873 0.44844596986880864 0.021802700291226884 0.03448012131689737
0 0.29525900193216414 0.4646903838385534 0.023462180534374967 0.041903689362668584
0 0.33624074563159695 0.5174361490097352 0.03404856262655092 0.05497438991472323
0 0.35978756614193264 0.4894351244047237 0.023510670655949185 0.04560739306637229
0 0.4065231570424072 0.5005680917037847 0.027241361702037045 0.05212658270403591
0 0.4340060984051386 0.5101128555741373 0.020785278685347207 0.03632119940983995
0 0.44281740074184006 0.5532653749598754 0.02616332744418983 0.04933803116734886
0 0.5850715746590044 0.5496434004583854 0.02140309226182874 0.04373399369670189
0 0.6674959359496178 0.6000396447684293 0.021354602140254524 0.04003028999299819
0 0.7348955802315044 0.5845308485143674 0.023462180534374967 0.041903689362668584
0 0.7513565993550693 0.5606237677033856 0.01971936695789367 0.03445857379907904
0 0.7103683589168516 0.5481611671894361 0.017030342578472357 0.027950157920324684
0 0.5681085592080783 0.5124259029596197 0.014365563259838154 0.023293593893422188
0 0.44746940409783537 0.4764512312642057 0.016037166033379673 0.031643087865119116
0 0.3307243764571989 0.441442887090627 0.019150043502986117 0.030749483215920696
0 0.3649235997664928 0.45522434706055576 0.018072009245138906 0.027960931679233747
0 0.342061919960185 0.4110004560036178 0.01329965153238426 0.021430968282661063
0 0.39840262120134246 0.42454789538740356 0.013893220048078803 0.02699191071767115
0 0.3813179449728933 0.43640985884216654 0.015988675911805573 0.02793938416141541
0 0.4494986215179859 0.4408192437544213 0.012827308320625027 0.025129285106910128
0 0.4318084719802428 0.4392472009640764 0.016012920972592562 0.029791236013267264
0 0.49158935901163175 0.4287528875505156 0.014934886714745469 0.027002684476580316
0 0.6922790368232984 0.49750427656610796 0.01971936695789367 0.03445857379907904