0 0.5735702020954354 0.032625445880459056 0.03602312172588214 0.02424717075473963
0 0.5499914223878358 0.08703114934393197 0.029520564653787554 0.07400473929740327
0 0.5774286151093506 0.18379380326372136 0.032451499034838585 0.06669430447293044
0 0.5351312351810997 0.20657490956533486 0.0241295767850976 0.04700742857114961
0 0.5035694686382676 0.11802437325021065 0.01585617094009386 0.029172404521220663
0 0.5192622557211692 0.08607758561174232 0.020168386820972255 0.03485725685402227
0 0.5055821814172711 0.06109609090292195 0.017988020678164438 0.03108890476169553
0 0.5098772034748815 0.364716640926823 0.018133569892376165 0.03664446031725106
0 0.4924100161300505 0.39475500937339436 0.011689504273427194 0.029043107743974502
0 0.4734930421848984 0.49007923664632125 0.021210053487638922 0.034889581048333784
0 0.4801811258627175 0.43375937613639737 0.012585621725882134 0.023519876382730613
0 0.4742372640616328 0.17317821957089619 0.01699487041623501 0.032908432419235904
0 0.557996436174782 0.6270698903249035 0.028611600082556286 0.05917376238543263
0 0.5251361377876367 0.6079799605513795 0.026685227047027145 0.04523638720507645
0 0.49908589350880594 0.6771358304410443 0.02405680217799168 0.04422965079337178
0 0.5144097814330345 0.7985429182234068 0.025268276261238752 0.05074345646916493
0 0.5054478502919533 0.9317065495366047 0.026830776261238753 0.05079194276063201
0 0.47966516425676936 0.9707536647365211 0.019272269368517194 0.04038048821526622
0 0.48778376385674505 0.8797277441015308 0.019890135511325013 0.044100354016125755
0 0.4947765110993558 0.7719866705084064 0.02135560270185053 0.04044513660388934
0 0.49905736579982507 0.6284843140870436 0.020119870416235013 0.033005405002170474
0 0.4800355380495661 0.6084337909992583 0.015710621725882133 0.023616848965664978
0 0.46559915136668883 0.7316974170215207 0.011446922249740983 0.019783848484715455
0 0.4540715949152698 0.8036206404463613 0.011543955059215467 0.023487552188419157
0 0.4702288393321955 0.8235822719997901 0.012682654535356618 0.027223580086434315
0 0.456976155640116 0.7027027955690134 0.014571922249740984 0.019880821067650028
0 0.4447344568529464 0.5929748354922372 0.01248858891640765 0.0198161726790267
0 0.46239283774635853 0.6352233376565111 0.013530255583074318 0.019848496873338364
0 0.4620667880495661 0.6078761986473847 0.010356739178337192 0.017899672438551936