0 0.5675704026893627 0.3147742597333744 0.03845718533842397 0.06784649975903698
0 0.6144663207351786 0.9161076327487243 0.036446577339272326 0.07889296248152496
0 0.6363619849485275 0.8006069802712961 0.039032562672393564 0.07619599518952613
0 0.5884119858370276 0.7940274747403738 0.029003399559726972 0.05551854497319621
0 0.5370139586913776 0.3402095848900736 0.03426627689369681 0.06401349927808724
0 0.506714718690317 0.32538329436615077 0.022159840892211947 0.04419732659906033
0 0.49908366713080216 0.2733051731541184 0.032703776893696815 0.06396501298661995
0 0.48697686623434794 0.17387553294261762 0.02531514311478773 0.04892392881162453
0 0.5041550931200904 0.13321325949363175 0.037433700005302724 0.07059195334250319
0 0.46618843889242406 0.06075329220212095 0.022656432447484793 0.04050978499251238
0 0.4877383642584226 0.48911290547750597 0.02370415955866652 0.04146803511274984
0 0.44661622536069573 0.3721196022071941 0.015298100891151379 0.03009833044714667
0 0.48740164469286246 0.3581105490561432 0.019476888446848407 0.032079479076244546
0 0.5247009916189062 0.8457432404939194 0.02106969066942407 0.036757594997341464
0 0.5617682171785271 0.900123409084141 0.021602644891787766 0.03862560894634894
0 0.5697475618501784 0.9656355372706773 0.020034084447272466 0.03765119672895573
0 0.5458815233794676 0.6209833287572318 0.02161476578081789 0.04047746079820079
0 0.5001326713743769 0.5529105596380143 0.017914388446848287 0.032030992784777265
0 0.457092766682575 0.22247516834462072 0.017411736447060497 0.03479260846539921
0 0.44924711668522643 0.2569468780609287 0.01475302577975744 0.026378464646287132
0 0.464333466913317 0.33425126863314175 0.01375378222469692 0.032827621933457056
0 0.4648029689157563 0.3662037941261641 0.014226132001909047 0.025436376623205373
0 0.4650933229100293 0.2912280372718977 0.015292040446636316 0.02917240452122064
0 0.4360350144546965 0.14776269143289428 0.013735600891151379 0.030049844155679278