0 0.6332411725454917 0.9564814814814815 0.034013491415414876 0.06018518518518518
0 0.6260036169791602 0.44722222222222224 0.032450991415414875 0.06018518518518518
0 0.576684591668283 0.0763888888888889 0.03532089990014574 0.05462962962962963
0 0.5831096769746343 0.23333333333333334 0.035831082930684016 0.06574074074074074
0 0.5603523780360339 0.2708333333333333 0.025871519697851397 0.041666666666666664
0 0.5599110781391209 0.36898148148148147 0.02643486828372943 0.04259259259259259
0 0.5595761523322057 0.42407407407407405 0.02270400444530646 0.040740740740740744
0 0.5873662695046086 0.4564814814814815 0.025871519697851397 0.041666666666666664
0 0.5442643477403507 0.6180555555555556 0.02643486828372943 0.04259259259259259
0 0.5514772116190026 0.13425925925925927 0.0249148835362746 0.04351851851851852
0 0.5498405033339799 0.030555555555555555 0.022533943435127195 0.037037037037037035
0 0.5339282030344175 0.19444444444444445 0.023097292021005227 0.03796296296296296
0 0.5102993414186477 0.21296296296296297 0.013084563232832616 0.024074074074074074
0 0.5228044946527735 0.29814814814814816 0.018590503333979904 0.030555555555555555
0 0.5117500132392983 0.3296296296296296 0.014647063232832618 0.024074074074074074
0 0.5151512334428858 0.40370370370370373 0.014902154748101755 0.02962962962962963
0 0.5141148059689808 0.44351851851851853 0.0161670479802878 0.023148148148148147
0 0.4975064580917799 0.5185185185185185 0.018377927071255584 0.025925925925925925
0 0.52711399486218 0.6472222222222223 0.018898760404589036 0.025925925925925925
0 0.5133485428988604 0.9486111111111111 0.021715503333979907 0.030555555555555555
0 0.5431050549704395 0.9898148148148148 0.01916450222265335 0.020370370370370372
0 0.5637847325409658 0.7425925925925926 0.0233948987888193 0.044444444444444446
0 0.5431906442066626 0.6967592592592593 0.014774608990467186 0.026851851851851852
0 0.5373556621811314 0.4449074074074074 0.01898379090967855 0.027777777777777776
0 0.5842935324942715 0.9226851851851852 0.02898586939505634 0.05277777777777778