0 0.81640625 0.8032407407407407 0.05260416666666667 0.08425925925925926
0 0.953125 0.788425925925926 0.065625 0.09537037037037037
0 0.9236979166666667 0.6333333333333333 0.0453125 0.06296296296296296
0 0.8348958333333333 0.600462962962963 0.0375 0.05462962962962963
0 0.7794270833333333 0.6041666666666666 0.0359375 0.049074074074074076
0 0.73828125 0.5685185185185185 0.033854166666666664 0.04814814814814815
0 0.6825520833333333 0.6240740740740741 0.034895833333333334 0.046296296296296294
0 0.44088541666666664 0.624537037037037 0.03177083333333333 0.049074074074074076
0 0.2674479166666667 0.5537037037037037 0.027604166666666666 0.044444444444444446
0 0.24609375 0.5162037037037037 0.0171875 0.03611111111111111
0 0.29739583333333336 0.5199074074074074 0.01875 0.03611111111111111
0 0.340625 0.5643518518518519 0.027083333333333334 0.05277777777777778
0 0.35703125 0.5277777777777778 0.021354166666666667 0.03888888888888889
0 0.40729166666666666 0.5273148148148148 0.021875 0.03981481481481482
0 0.43515625 0.524074074074074 0.018229166666666668 0.03333333333333333
0 0.4466145833333333 0.5671296296296297 0.019270833333333334 0.03796296296296296
0 0.5114583333333333 0.46944444444444444 0.015625 0.02962962962962963
0 0.5796875 0.5231481481481481 0.014583333333333334 0.02962962962962963
0 0.6716145833333333 0.5509259259259259 0.021354166666666667 0.02962962962962963
0 0.7346354166666667 0.5166666666666667 0.018229166666666668 0.02962962962962963
0 0.7489583333333333 0.49166666666666664 0.016666666666666666 0.027777777777777776
0 0.71484375 0.48842592592592593 0.0171875 0.026851851851851852
0 0.68515625 0.4462962962962963 0.015104166666666667 0.027777777777777776
0 0.540625 0.4722222222222222 0.010416666666666666 0.022222222222222223
0 0.5651041666666666 0.49537037037037035 0.011458333333333333 0.020370370370370372
0 0.4549479166666667 0.42453703703703705 0.013020833333333334 0.025
0 0.44479166666666664 0.4537037037037037 0.010416666666666666 0.022222222222222223
0 0.4283854166666667 0.4615740740740741 0.013020833333333334 0.021296296296296296
0 0.3919270833333333 0.4583333333333333 0.008854166666666666 0.025925925925925925
0 0.3768229166666667 0.4726851851851852 0.013020833333333334 0.023148148148148147
0 0.33671875 0.45787037037037037 0.011979166666666667 0.023148148148148147
0 0.32447916666666665 0.48935185185185187 0.017708333333333333 0.023148148148148147
0 0.3611979166666667 0.4930555555555556 0.0171875 0.026851851851851852
0 0.44296875 0.48842592592592593 0.015104166666666667 0.028703703703703703