0 0.5403596159719163 0.12110185777434729 0.034679237990827734 0.07024278685857871
0 0.5275131830066354 0.6158476150248741 0.0288955076218303 0.06716865045985317
0 0.4448404111960984 0.44519853200695264 0.024255955534962816 0.0428790428432715
0 0.47125411113432025 0.3214378498763709 0.019889221959749646 0.03247832411557873
0 0.4924272395656629 0.145964978543139 0.021615413066742188 0.04089248252735245
0 0.4746486438294486 0.029186982629080798 0.020494379007769462 0.010309985278983441
0 0.455637397429373 0.06805883819542517 0.013566470356641958 0.028451320098113797
0 0.4250677842416908 0.11143056911246649 0.018308534058972724 0.03147157311121255
0 0.45094987535129977 0.3597793882477187 0.01719411578919825 0.027713986021882
0 0.4351876363620637 0.40577080926179493 0.0122701730790979 0.015434473749524016
0 0.4050280696362353 0.5344354921352752 0.01990740986052669 0.03340425004150465
0 0.48295050248842547 0.8142091259483887 0.02856812540784522 0.05050198379318629
0 0.47661864589589253 0.9640340049451014 0.030239752812506872 0.05613836442718223
0 0.44896817974387454 0.9926346464517476 0.02105820393185501 0.014730707096504779
0 0.4594137987675611 0.7782341150103415 0.02845899800318345 0.04494642823763094
0 0.46688735548103394 0.623370526806663 0.02146990986052657 0.033485075119945036
0 0.48933527435550783 0.5953354112381608 0.02420139183263193 0.04010126506549383
0 0.46498754958325134 0.6802745587118874 0.03165674960629114 0.048811782098215205
0 0.4417302801632396 0.603531865340286 0.018308534058972724 0.03147157311121242
0 0.42708658603274946 0.738560354553725 0.014050927888421327 0.026626409939075512
0 0.4355844291674477 0.836784373595179 0.017824076527193356 0.0332964832702508
0 0.41453036286360073 0.8204019864120501 0.012972885420200697 0.024720674701596737
0 0.4161557018219478 0.7111157854599774 0.017787700725639392 0.031444631418398955
0 0.42016033684843973 0.6399541976277484 0.01349371875353403 0.0247476163944102
0 0.41908312411362814 0.6018969387399383 0.014014552086867364 0.02477455808722366