0 0.3736492918252337 0.11963276114668078 0.041844397895980025 0.07634071564392923
0 0.4227676788467988 0.1358852554356074 0.029876728593091546 0.05399998207370605
0 0.4561186897212137 0.044541801536216036 0.02228794927751778 0.040961602798378856
0 0.4860201854373533 0.08097073853514784 0.02382922694545293 0.04005183751081668
0 0.49775972627400383 0.2051956452339504 0.01684617029147167 0.030722548818647825
0 0.4568035762360936 0.2987758041960651 0.02818689460070279 0.04842826587978674
0 0.47997668328302934 0.3332828599102354 0.016803725627341965 0.028870696966795974
0 0.4964802061728126 0.3746670240756678 0.020725449277517783 0.04094544216001505
0 0.48724492372672545 0.4139326858562462 0.026124783599434192 0.04933264428789433
0 0.5380239698358195 0.49410639031078923 0.018472337287666108 0.033516487234789304
0 0.5257233780995292 0.5648292926153035 0.014051002636221692 0.02236228108804152
0 0.5282386791515391 0.6028272702947214 0.015304892623536404 0.03163231410621005
0 0.5364097549057348 0.6668158164535202 0.014741614626073603 0.02977507537490367
0 0.5458316305585934 0.7785137887550497 0.016803725627342204 0.02887069696679587
0 0.5276033500896725 0.8010158200387789 0.02055567062099944 0.033538034752607644
0 0.5279769447917124 0.7051636326273545 0.018451114955601138 0.032590561308863376
0 0.5036679882769783 0.5724734140485812 0.01953522628639751 0.034453186919624505
0 0.45248837645189055 0.5779640183805501 0.029791839264832375 0.0502962783700024
0 0.48541848547599276 0.5959013712582363 0.02224550461338808 0.039109750946527
0 0.4906980068829012 0.6496724109551224 0.035191173586748906 0.05868348049788168
0 0.4954266338538707 0.7502080967907223 0.025412949277517784 0.040993924075106256
0 0.5136978136892527 0.8735744135567812 0.02382922694545293 0.040051837510816736
0 0.5226673854891157 0.9709124536872771 0.02447739427117502 0.04561277994582682
0 0.49437658311899474 0.9437616300256957 0.03304417325722113 0.05588415520228557
0 0.4774702674153947 0.7949404306158556 0.03319272958167474 0.06236563668376684
0 0.4190073729918494 0.6067913116415776 0.031003284588017502 0.05771445953631887