0 0.4116710011882444 0.923994711248559 0.01986186671942818 0.03690850422144017
0 0.38701364126463755 0.6973914719711312 0.02307779493267361 0.0425933667678601
0 0.3012032969566788 0.8998814057205345 0.04075024540331545 0.07293418484724304
0 0.3451427307342733 0.8864970337743616 0.033337341118988326 0.06522506112781891
0 0.36154594299313253 0.3930966595765015 0.04296997105651693 0.08135372284115235
0 0.4176185325725031 0.2108058481392175 0.034333543679032394 0.06249038568032922
0 0.4397970648368605 0.06415357053041086 0.04075024540331545 0.07293418484724286
0 0.47123850250728244 0.021767487336625174 0.027856223145918808 0.04353497467325035
0 0.45675802714005775 0.12498412940701577 0.030551318025830908 0.05400619419098773
0 0.4395142607329869 0.2404347035935796 0.030551318025830908 0.05400619419098773
0 0.43175358113419643 0.3170929820467689 0.028467984692497575 0.053919989530411556
0 0.4183953365666418 0.40184791810434095 0.021990664159384228 0.039772486659794236
0 0.43987631430924523 0.4250168432423656 0.021469830826050897 0.039750935494650246
0 0.470204757807824 0.19382514122742728 0.021454676123843323 0.03882500956872432
0 0.49042110075240675 0.3419617396177359 0.017733069279472127 0.03404452178308643
0 0.46431202076211675 0.3948588229790734 0.014471676959604097 0.025581881458888938