0 0.6107599321714697 0.9740122196934525 0.03534490094128392 0.05197556061309485
0 0.5820949363502738 0.9125160122586046 0.030348733438856357 0.07312729966294464
0 0.6114278665210174 0.7963561084583205 0.035005924034441215 0.07142090668549464
0 0.584111890208297 0.33601972654417944 0.03437900778565487 0.06492326310685734
0 0.5228381064264908 0.027329775606913284 0.02588454618631483 0.023014164982854315
0 0.5339228010468069 0.14798298267750937 0.03385817445232154 0.06490710100970161
0 0.5046715624614818 0.06239608825745418 0.024761532550334073 0.0498175305432389
0 0.5144617510995685 0.18347185304812388 0.026920639394705147 0.05451180856149154
0 0.5225179473914063 0.2781183237070153 0.027901687252541527 0.0508404290520993
0 0.5230758846439478 0.32811024265843736 0.020964152194925135 0.04044513660388934
0 0.5484774842524482 0.35342306035895077 0.025297520585875095 0.05075961856632055
0 0.5199429626767397 0.5024614155781831 0.023598628266006946 0.04237779894151993
0 0.5410778243816029 0.6169483020618352 0.01889597356379937 0.04130641414119214
0 0.5626872724768662 0.7763345149043165 0.024655449634881185 0.043336049061757524
0 0.5324195413912194 0.8512826339523192 0.019831557315013033 0.03485725685402233
0 0.5535049312038051 0.8991351779636159 0.02261758040817057 0.04604917845091218
0 0.5383951910788621 0.9301317965304247 0.017212235946138795 0.03385052044231745
0 0.5036883533029171 0.8133728436688713 0.017763378683887273 0.035718534391325135
0 0.5199214516799452 0.5806617510760347 0.014562605172849411 0.03099193217876114
0 0.5036630855324702 0.3506442311146668 0.020473628266006946 0.04228082635858546
0 0.4891263437581746 0.13039741966698845 0.016721712017220607 0.03568621019701368
0 0.49663697077054025 0.19171055699254655 0.016645938506182744 0.03105658056738405
0 0.48388613534780484 0.22370583092248217 0.013536093208390316 0.0318855339103754
0 0.47040386643345156 0.14740009571339593 0.016094795768434384 0.02918856661837642
0 0.4757318717118241 0.25029100817126404 0.012863712852981497 0.02261011255396031
0 0.4833334269374351 0.3171597010523777 0.016079641066226814 0.02826264069245044
0 0.4813127163057595 0.352727038714747 0.013935688924063308 0.024494288600123825
0 0.4712968664112826 0.4246017758481205 0.01661562910176772 0.0292047287155322
0 0.5030709246939603 0.5371051705086506 0.013965998328478335 0.026346140451975468