0 0.1423594214937604 0.819955314619917 0.056825742228939075 0.09203765071940401
0 0.02489569531084952 0.6306844546964181 0.04979139062169904 0.0834402172537087
0 0.10915729995492632 0.5984648818809973 0.03793635200509069 0.06938312517096056
0 0.18416336039944145 0.6029718729636594 0.03945642889348466 0.0630148294604914
0 0.22660842929133526 0.5666760369291385 0.03939582444833315 0.053755570201232145
0 0.28764253150860825 0.6359428254037685 0.038475366671969505 0.07219863153907584
0 0.5561775681758052 0.6484474692782626 0.035217036892636125 0.05160188962668102
0 0.7434114559595927 0.5832694652105229 0.02530302222575737 0.04810726863249236
0 0.7665856915181534 0.5455776713335174 0.024231053336515155 0.043402181822187705
0 0.7132214864072896 0.5384697500831914 0.02421893244748456 0.04155032997033606
0 0.6798489426320925 0.5022399597101317 0.018447342669211983 0.03465383399514297
0 0.6644779339592746 0.581720250441071 0.02792537022596946 0.05107368936195708
0 0.6438839881842895 0.5436370327535001 0.01954961378102998 0.04398855043507705
0 0.5912889121843957 0.5384375562405321 0.02581779511457564 0.04721907129690374
0 0.5610866392955776 0.5353233720750359 0.018986357336090977 0.03746934036325805
0 0.5490527461807898 0.5826226269405922 0.022668553336515154 0.04328899605117558
0 0.4652140955203804 0.4945661508614862 0.021602644891787766 0.039509835166797055
0 0.42014383085350165 0.49408040557507743 0.012106436001484748 0.02031220202220496
0 0.39985842040633507 0.5282760029952349 0.022607948891363586 0.03402973679191632
0 0.30412490196001696 0.545889843705356 0.02576931155845443 0.039811663889496335
0 0.2662072786309259 0.48756123676000024 0.016345828002333227 0.031725141856015555
0 0.23553853396192598 0.5159096697808169 0.01894999466899989 0.031913784807702496
0 0.2180332255198501 0.4836083791908261 0.01637006978039383 0.03542884555971905
0 0.28688037507957725 0.43394005919056694 0.01475302577975744 0.026982326455373594
0 0.44581011485519856 0.4737068842793886 0.011064769334818082 0.02023674484153025
0 0.5159048037476226 0.4324662190883062 0.01786590489072708 0.025356846145546303
0 0.549334739298229 0.4997333922750531 0.016394311558454434 0.03913254926342275
0 0.6244741295220773 0.483870012987345 0.014268555113514955 0.032500153420591635
0 0.6683150361898046 0.4731503256867991 0.01475302577975744 0.026982326455373594
0 0.6100150353013044 0.46383213097641574 0.016842419557606073 0.028059166742649157
0 0.5740472330787286 0.4658584878727636 0.01788408622427274 0.028134623923323977
0 0.5519239373010923 0.4624031709315715 0.012100375556969804 0.019386276096279038