0 0.2978903702083411 0.46999386465461845 0.019574778880532998 0.033034006433073124
0 0.2659212017494466 0.5093850127724129 0.01962329528527036 0.034885858284924874
0 0.23513709511865455 0.4948251226890395 0.02056792914246248 0.03126840596742071
0 0.2475051110408111 0.5304961101594565 0.02133134449948197 0.040570790919779845
0 0.40746302591524997 0.5857790761845152 0.021779403225709495 0.037836138835101944
0 0.28705636517614336 0.6515704642319957 0.03919807416580336 0.0679198647179979
0 0.30278194947463805 0.5872744342100973 0.03367438420167801 0.05545157074996336
0 0.12172601509358703 0.5796741004187856 0.04455195671334839 0.07390667720455137
0 0.06884359711727323 0.5845345389818687 0.04993009746326204 0.08081941561703035
0 0.12919538737034578 0.8052664404610479 0.07175801709370878 0.12050740630398414
0 0.19021631644451234 0.6052094107757127 0.04031251543957589 0.07078389388197542
0 0.5554268115504096 0.7287649745382192 0.04239584877290904 0.0709563966543745
0 0.6597133331937354 0.7022911793591871 0.0332020672730818 0.05726029690871554
0 0.7385896194495705 0.7175994553135482 0.03919807416580312 0.0679198647179979
0 0.76731892045601 0.6834835457461608 0.02564356038036048 0.046471352020133354
0 0.7110988842001748 0.6700512374416395 0.028865593189834726 0.0504338098824359
0 0.6489377810157435 0.6579748355183228 0.028865593189834726 0.0504338098824359
0 0.6088271907896888 0.6444905348110055 0.02879281858272904 0.047656032104658116
0 0.5631451122123633 0.636550369998109 0.02071347835667415 0.03682396152297627
0 0.5558156222069599 0.5948291579772083 0.02066496195193679 0.034972109671124414
0 0.6792780984269203 0.6258401548820867 0.020664961951937025 0.034972109671124414
0 0.608514667630325 0.5432957115410655 0.017915246071058512 0.029200925650070108
0 0.5761209806299796 0.5664831559551561 0.013627288392549038 0.024226290475642315