0 0.33671875 0.4546296296296296 0.011979166666666667 0.020370370370370372
0 0.39348958333333334 0.45092592592592595 0.0140625 0.024074074074074074
0 0.42552083333333335 0.45555555555555555 0.014583333333333334 0.022222222222222223
0 0.4453125 0.44814814814814813 0.0125 0.020370370370370372
0 0.48151041666666666 0.42268518518518516 0.0140625 0.017592592592592594
0 0.54296875 0.46620370370370373 0.011979166666666667 0.025
0 0.68671875 0.4351851851851852 0.019270833333333334 0.02962962962962963
0 0.7497395833333333 0.4787037037037037 0.016145833333333335 0.022222222222222223
0 0.7078125 0.4810185185185185 0.015625 0.026851851851851852
0 0.5645833333333333 0.487962962962963 0.0125 0.020370370370370372
0 0.525 0.4925925925925926 0.021875 0.03148148148148148
0 0.4466145833333333 0.4824074074074074 0.011979166666666667 0.024074074074074074
0 0.37734375 0.46944444444444444 0.0140625 0.020370370370370372
0 0.328125 0.4842592592592593 0.015625 0.025925925925925925
0 0.36328125 0.4888888888888889 0.0171875 0.027777777777777776
0 0.58515625 0.5157407407407407 0.0203125 0.03333333333333333
0 0.73359375 0.5115740740740741 0.025520833333333333 0.03425925925925926
0 0.6708333333333333 0.537962962962963 0.026041666666666668 0.044444444444444446
0 0.4361979166666667 0.5166666666666667 0.0171875 0.027777777777777776
0 0.44973958333333336 0.5597222222222222 0.021354166666666667 0.03611111111111111
0 0.34348958333333335 0.5550925925925926 0.027604166666666666 0.04351851851851852
0 0.36171875 0.5236111111111111 0.021354166666666667 0.03611111111111111
0 0.2708333333333333 0.5523148148148148 0.028125 0.04351851851851852
0 0.2950520833333333 0.5189814814814815 0.0234375 0.03796296296296296
0 0.25078125 0.5143518518518518 0.0203125 0.03425925925925926
0 0.40729166666666666 0.5203703703703704 0.022916666666666665 0.044444444444444446
0 0.44296875 0.6157407407407407 0.027604166666666666 0.046296296296296294
0 0.6877604166666667 0.6148148148148148 0.0296875 0.04259259259259259
0 0.7442708333333333 0.5587962962962963 0.028125 0.04351851851851852
0 0.7828125 0.5879629629629629 0.03229166666666667 0.053703703703703705
0 0.84921875 0.5856481481481481 0.0296875 0.05092592592592592
0 0.9286458333333333 0.6203703703703703 0.04583333333333333 0.06666666666666667
0 0.97265625 0.7907407407407407 0.0546875 0.10740740740740741
0 0.8223958333333333 0.7921296296296296 0.053125 0.08796296296296297