0 0.5201704744156439 0.9876864036117415 0.033118381271828076 0.024627192776517016
0 0.5308423252363119 0.8672283454039271 0.035591386635675806 0.05809695131668638
0 0.5747401546856227 0.6932788224532195 0.032539227064783675 0.059884158427043394
0 0.5441785695363287 0.6704424751867957 0.027826257179808304 0.04590907654949458
0 0.515714715949703 0.7406293611051797 0.029570858252577874 0.05057102854987163
0 0.49792664638774936 0.5265465379918062 0.02284739546337704 0.03840470202984492
0 0.5284939493539565 0.41060712466695726 0.022774555034269166 0.03655285017799307
0 0.5511778178300268 0.24639566077276168 0.022508663202813275 0.043023557535892
0 0.5977068257917647 0.23856903559888906 0.038038922114548276 0.06739930707027571
0 0.569758694351869 0.11679329080317216 0.03428382813755325 0.06454611042742052
0 0.5937535692258182 0.05206499332810117 0.03522718449013666 0.048837692057427225
0 0.48410205576494897 0.8829145668245876 0.01682686708027911 0.030878779263030166
0 0.5003078732588405 0.9443111922106345 0.024628416750700547 0.043992579956147894
0 0.5092788029989913 0.8283876157200755 0.021805728796710375 0.038383153782679834
0 0.5193133000649658 0.6865812097979205 0.023513909654926005 0.042119179857130956
0 0.4618506039811701 0.6016644046490457 0.014004179126288936 0.025269353089562106
0 0.49675179115323076 0.6620600095951732 0.01682686708027911 0.030878779263030166
0 0.47949668323678823 0.7856761834169916 0.014670693317837902 0.028983830916848353
0 0.49074484699505433 0.19842431261047275 0.02095711353239184 0.03003904632576406
0 0.519472686474165 0.16802530619794717 0.02013396815304868 0.03557305363415469
0 0.5388364762828542 0.12448017672155634 0.02105542384647497 0.04576901294292236
0 0.5225541278079747 0.08759904012538144 0.01783211353239184 0.02997440158426917
0 0.49309537146850485 0.47648728031210247 0.015785200413612442 0.03085723101586508
0 0.4659676301865473 0.8584849466722915 0.013592606436617298 0.02803635674375755
0 0.47470373447106873 0.6902842647994563 0.01649908514929379 0.022545445929696834
0 0.4742102769616818 0.6578930185774227 0.011217911386852701 0.02058585284201997
0 0.46945885959711947 0.7554004307234968 0.015045845792955603 0.025290901336727192