0 0.8208333333333333 0.7925925925925926 0.04791666666666667 0.08333333333333333
0 0.96953125 0.7870370370370371 0.0609375 0.10185185185185185
0 0.9296875 0.6125 0.041666666666666664 0.06388888888888888
0 0.8518229166666667 0.5898148148148148 0.0328125 0.05555555555555555
0 0.7825520833333334 0.5953703703703703 0.0328125 0.05740740740740741
0 0.746875 0.5606481481481481 0.03229166666666667 0.04537037037037037
0 0.6856770833333333 0.6157407407407407 0.03177083333333333 0.044444444444444446
0 0.44244791666666666 0.6185185185185185 0.025520833333333333 0.040740740740740744
0 0.26875 0.5541666666666667 0.027083333333333334 0.049074074074074076
0 0.3424479166666667 0.5587962962962963 0.030729166666666665 0.04537037037037037
0 0.40963541666666664 0.5222222222222223 0.021354166666666667 0.03888888888888889
0 0.45208333333333334 0.5657407407407408 0.021875 0.037037037037037035
0 0.5260416666666666 0.49166666666666664 0.020833333333333332 0.03518518518518519
0 0.6700520833333333 0.5421296296296296 0.021354166666666667 0.03981481481481482
0 0.7359375 0.513425925925926 0.020833333333333332 0.03796296296296296
0 0.7497395833333333 0.48148148148148145 0.015104166666666667 0.02962962962962963
0 0.7080729166666667 0.48148148148148145 0.0171875 0.027777777777777776
0 0.6880208333333333 0.4356481481481482 0.016666666666666666 0.030555555555555555
0 0.5854166666666667 0.5162037037037037 0.01875 0.03425925925925926
0 0.565625 0.4847222222222222 0.011458333333333333 0.019444444444444445
0 0.44765625 0.4824074074074074 0.015104166666666667 0.022222222222222223
0 0.43776041666666665 0.5189814814814815 0.018229166666666668 0.028703703703703703
0 0.36432291666666666 0.5217592592592593 0.021354166666666667 0.032407407407407406
0 0.3255208333333333 0.48657407407407405 0.021875 0.030555555555555555
0 0.3606770833333333 0.48703703703703705 0.0171875 0.027777777777777776
0 0.33645833333333336 0.4527777777777778 0.0125 0.020370370370370372
0 0.37838541666666664 0.4634259259259259 0.0109375 0.019444444444444445
0 0.3924479166666667 0.4486111111111111 0.008854166666666666 0.019444444444444445
0 0.42630208333333336 0.45231481481481484 0.0109375 0.017592592592592594
0 0.4440104166666667 0.4476851851851852 0.0109375 0.017592592592592594
0 0.48125 0.4222222222222222 0.009375 0.014814814814814815