0 0.81796875 0.8032407407407407 0.05364583333333333 0.08611111111111111
0 0.9541666666666667 0.7976851851851852 0.0625 0.09166666666666666
0 0.9151041666666667 0.6291666666666667 0.04479166666666667 0.062037037037037036
0 0.83515625 0.600925925925926 0.0328125 0.05185185185185185
0 0.7802083333333333 0.6069444444444444 0.034375 0.05462962962962963
0 0.7372395833333333 0.5699074074074074 0.034895833333333334 0.049074074074074076
0 0.6825520833333333 0.6268518518518519 0.03177083333333333 0.046296296296296294
0 0.4393229166666667 0.6263888888888889 0.03177083333333333 0.041666666666666664
0 0.4479166666666667 0.5671296296296297 0.019791666666666666 0.03796296296296296
0 0.40729166666666666 0.5287037037037037 0.019791666666666666 0.040740740740740744
0 0.434375 0.5300925925925926 0.017708333333333333 0.032407407407407406
0 0.35885416666666664 0.5287037037037037 0.020833333333333332 0.037037037037037035
0 0.34270833333333334 0.5625 0.021875 0.03981481481481482
0 0.29921875 0.5199074074074074 0.0109375 0.026851851851851852
0 0.24583333333333332 0.5171296296296296 0.017708333333333333 0.025
0 0.265625 0.5601851851851852 0.028125 0.044444444444444446
0 0.44479166666666664 0.49074074074074076 0.013541666666666667 0.022222222222222223
0 0.5109375 0.4671296296296296 0.015625 0.030555555555555555
0 0.5794270833333334 0.5282407407407408 0.015104166666666667 0.023148148148148147
0 0.6716145833333333 0.5532407407407407 0.0171875 0.03611111111111111
0 0.7359375 0.5189814814814815 0.013541666666666667 0.026851851851851852
0 0.7486979166666666 0.4935185185185185 0.013020833333333334 0.025925925925925925
0 0.7145833333333333 0.49074074074074076 0.016666666666666666 0.027777777777777776
0 0.5638020833333334 0.4976851851851852 0.011979166666666667 0.023148148148148147
0 0.6841145833333333 0.44537037037037036 0.015104166666666667 0.024074074074074074
0 0.5408854166666667 0.475 0.013020833333333334 0.020370370370370372
0 0.3260416666666667 0.4898148148148148 0.013541666666666667 0.027777777777777776
0 0.36223958333333334 0.4949074074074074 0.0140625 0.023148148148148147
0 0.3776041666666667 0.4736111111111111 0.011458333333333333 0.021296296296296296
0 0.33619791666666665 0.4601851851851852 0.013020833333333334 0.022222222222222223
0 0.39114583333333336 0.45787037037037037 0.010416666666666666 0.019444444444444445
0 0.4276041666666667 0.462037037037037 0.0125 0.020370370370370372
0 0.44375 0.45601851851851855 0.009375 0.019444444444444445
0 0.4513020833333333 0.425462962962963 0.009895833333333333 0.019444444444444445