0 0.8216145833333334 0.7958333333333333 0.0484375 0.08981481481481482
0 0.9692708333333333 0.7944444444444444 0.06041666666666667 0.09814814814814815
0 0.9291666666666667 0.624537037037037 0.040625 0.062037037037037036
0 0.8473958333333333 0.5930555555555556 0.035416666666666666 0.06018518518518518
0 0.7825520833333334 0.5958333333333333 0.03177083333333333 0.05462962962962963
0 0.7408854166666666 0.562037037037037 0.033854166666666664 0.04814814814814815
0 0.6859375 0.6194444444444445 0.036458333333333336 0.06296296296296296
0 0.4388020833333333 0.6236111111111111 0.033854166666666664 0.04722222222222222
0 0.34088541666666666 0.5587962962962963 0.03177083333333333 0.04537037037037037
0 0.2677083333333333 0.5578703703703703 0.03229166666666667 0.05092592592592592
0 0.24661458333333333 0.5143518518518518 0.021354166666666667 0.03425925925925926
0 0.29635416666666664 0.5185185185185185 0.021875 0.037037037037037035
0 0.3578125 0.5217592592592593 0.021875 0.032407407407407406
0 0.4080729166666667 0.5254629629629629 0.0265625 0.04351851851851852
0 0.4354166666666667 0.5236111111111111 0.016666666666666666 0.03425925925925926
0 0.44921875 0.5652777777777778 0.018229166666666668 0.03981481481481482
0 0.521875 0.4824074074074074 0.017708333333333333 0.03333333333333333
0 0.6716145833333333 0.5444444444444444 0.022395833333333334 0.04259259259259259
0 0.5841145833333333 0.5185185185185185 0.016145833333333335 0.03518518518518519
0 0.7078125 0.48564814814814816 0.017708333333333333 0.030555555555555555
0 0.7330729166666666 0.512962962962963 0.018229166666666668 0.03148148148148148
0 0.7486979166666666 0.4847222222222222 0.0140625 0.028703703703703703
0 0.68671875 0.44027777777777777 0.013020833333333334 0.023148148148148147
0 0.54140625 0.46574074074074073 0.011979166666666667 0.018518518518518517
0 0.47604166666666664 0.42592592592592593 0.015625 0.025925925925925925
0 0.44609375 0.48842592592592593 0.011979166666666667 0.030555555555555555
0 0.33697916666666666 0.45694444444444443 0.009375 0.01574074074074074
0 0.3768229166666667 0.4699074074074074 0.015104166666666667 0.021296296296296296
0 0.39348958333333334 0.4532407407407407 0.011979166666666667 0.019444444444444445
0 0.42682291666666666 0.4532407407407407 0.013020833333333334 0.023148148148148147
0 0.44453125 0.4527777777777778 0.0140625 0.022222222222222223