0 0.10579729677706903 0.6998422371377574 0.06810224889345011 0.12317202183909477
0 0.005574109681466041 0.6322138340087449 0.011148219362932083 0.11998322357304518
0 0.0658798297254326 0.48195754255281903 0.05026665053300213 0.0835503933353087
0 0.11563153353753877 0.4803119751203705 0.03875983528457748 0.06826145288732521
0 0.17128040203233547 0.5071549868278191 0.0439590782588312 0.06569918676098778
0 0.21900331466558598 0.4887565480681279 0.036137487899751616 0.06259814150604939
0 0.2640612846113567 0.5684092772134366 0.031443927660365155 0.06055232916790129
0 0.5155493730519242 0.6811440803753918 0.03558332324979301 0.052391405155720314
0 0.6999243730519242 0.6887731928363796 0.03560150396795241 0.05794696071127587
0 0.6236919824715346 0.6643196508464825 0.03298218670281964 0.05320957525592597
0 0.6123881852425547 0.6166233029910915 0.018338250975622118 0.03408762411337442
0 0.6745732264214103 0.6358653338924701 0.02617802205286092 0.04274422492386836
0 0.7354561842669327 0.6550534868809887 0.025145445745273776 0.045478900371358155
0 0.5598582565083716 0.5917614501263587 0.028803399557380042 0.049333462231070116
0 0.5351429141325839 0.5833303623746099 0.018853024069569103 0.03225732342666687
0 0.5165351561312155 0.6186764071231078 0.027752642531633735 0.046512582123004145
0 0.4920048246836624 0.47412343267767565 0.01832310037715601 0.029457994483744997
0 0.6171788829390727 0.5056953767837047 0.014147343351409821 0.026507807384814862
0 0.5889750998270493 0.528605687940001 0.012575752992330063 0.023665376111604793
0 0.6430554080824596 0.5572358980038693 0.008911738940837684 0.01795896240004119
0 0.6536158318076045 0.5933258450374701 0.014671206804436092 0.027455284475884887
0 0.5279785124930318 0.5441397571737046 0.023059082292247388 0.04446676978485605
0 0.29224723425911897 0.39177371118829263 0.019906811215008466 0.036004129460658556
0 0.2507197794713907 0.427097430596379 0.016754540137769662 0.027541489136460852
0 0.21900803347207487 0.40772725396703735 0.0177992369241295 0.02851051739267497
0 0.3863694181005361 0.5206852476619348 0.02252006824075477 0.03888966306415661
0 0.43547016705945013 0.4791925386669554 0.016757570257462835 0.02846741506238678
0 0.40859573835799895 0.4938233944027784 0.016754540137769662 0.027541489136460852