0 0.48391652121298623 0.14893894901981367 0.02289285707946765 0.0386579331406605
0 0.46382850576206025 0.18661438889450307 0.016545876836319452 0.03105658056738405
0 0.4494274458582177 0.24078679341572376 0.01546784257847224 0.028246478595294815
0 0.4585667097259261 0.2821867854793204 0.021390969731435186 0.043239076478822844
0 0.5142733732261576 0.43792949687968485 0.025170150899097264 0.05353739634409833
0 0.4862092036149192 0.46334736821171063 0.01967087683631945 0.031153553150318623
0 0.48748163383265075 0.5207386135219624 0.024576582383402722 0.047965678691387154
0 0.5098911138539355 0.6603779884620876 0.030390606762824034 0.054624943241581736
0 0.5098564881571068 0.8169241183321923 0.02718074905006939 0.04804648917716568
0 0.4830340069640282 0.8575874432476842 0.01976785707946765 0.03856096055772603
0 0.48426832769622724 0.7528770031322758 0.020264445352013875 0.0367252708030298
0 0.48989920769898176 0.6257988819202434 0.02183906788240743 0.037699683020423015
0 0.4635856550456369 0.6854356072686392 0.02025232282162032 0.03579934487710387
0 0.4539552109601971 0.5866201267490571 0.018677700291226767 0.034824932659710664
0 0.4624868241506715 0.44231540332446045 0.020797401215740762 0.03766735882611156
0 0.442540177430417 0.6698783874511656 0.015976553381412135 0.027336714766524724
0 0.4394744836616206 0.555112058927818 0.014850029001990823 0.020822909090731576
0 0.44247154388210674 0.48554639875470545 0.016533754305925897 0.030130654641458123
0 0.4401394809389122 0.4467140772058617 0.013881097517685247 0.02634614045197568
0 0.4200200704780326 0.3824972599858099 0.014825783941203714 0.018971057238879725
0 0.5516766107198036 0.4492739069330482 0.030536077127546454 0.06573605435269296