0 0.6684282600127874 0.5101851851851852 0.016418568722836823 0.027777777777777776
0 0.523273537610026 0.4675925925925926 0.01746023538950349 0.027777777777777776
0 0.3149180677774773 0.3902777777777778 0.02172690503232128 0.03796296296296296
0 0.4547157704293169 0.47453703703703703 0.0132572040042362 0.024074074074074074
0 0.4282955017605321 0.48657407407407405 0.013768946157919496 0.023148148148148147
0 0.5497828085787638 0.49953703703703706 0.01486515990248686 0.028703703703703703
0 0.5704934109868206 0.5120370370370371 0.013768946157919496 0.023148148148148147
0 0.6050424614468113 0.5208333333333334 0.017478417748803564 0.02962962962962963
0 0.6204310907759082 0.5449074074074074 0.0132572040042362 0.024074074074074074
0 0.6589273015443244 0.549537037037037 0.013750763798619422 0.021296296296296296
0 0.6614873303593789 0.5805555555555556 0.021663266774770543 0.03148148148148148
0 0.6261570298993884 0.5717592592592593 0.01907728246740419 0.03333333333333333
0 0.5458006015983763 0.5337962962962963 0.0175420560063543 0.03611111111111111
0 0.27422620197673986 0.4236111111111111 0.021224254058288258 0.03981481481481482
0 0.24545177408166646 0.4101851851851852 0.019570842261787055 0.030555555555555555
0 0.29959057575947307 0.4925925925925926 0.03334887959935671 0.05462962962962963
0 0.4014966310896292 0.5106481481481482 0.023837511904604963 0.040740740740740744
0 0.5320096540880602 0.6652777777777777 0.03812729139585779 0.06388888888888888
0 0.5312530415337336 0.6097222222222223 0.030708348214089534 0.05092592592592592
0 0.5514356289253554 0.5699074074074074 0.02116970698038756 0.03425925925925926
0 0.5742295646667455 0.5824074074074074 0.030223879599356705 0.05462962962962963
0 0.6263642175347928 0.6037037037037037 0.024340162878637984 0.03888888888888889
0 0.6358145830652705 0.649074074074074 0.03393335119024101 0.06111111111111111
0 0.6858314473779323 0.6208333333333333 0.020128040313720893 0.03425925925925926
0 0.7441979178866795 0.6439814814814815 0.027501527597238607 0.04259259259259259
0 0.7131914702406843 0.6722222222222223 0.032316304112340315 0.05555555555555555
0 0.12604411675049063 0.6893518518518519 0.06890836904714828 0.12222222222222222
0 0.025689881900408065 0.6148148148148148 0.05137976380081613 0.13148148148148148
0 0.07923584740440909 0.4703703703703704 0.053413281655526744 0.0824074074074074
0 0.13543584591633348 0.475462962962963 0.045546234577626105 0.07685185185185185
0 0.2856229416958895 0.5625 0.04024698944779163 0.06759259259259259