0 0.8223958333333333 0.8268518518518518 0.05416666666666667 0.0962962962962963
0 0.9567708333333333 0.8134259259259259 0.065625 0.10277777777777777
0 0.8864583333333333 0.6407407407407407 0.040625 0.06296296296296296
0 0.840625 0.6180555555555556 0.03125 0.05277777777777778
0 0.7856770833333333 0.6199074074074075 0.03697916666666667 0.04722222222222222
0 0.7434895833333334 0.5824074074074074 0.028645833333333332 0.04814814814814815
0 0.6919270833333333 0.6375 0.024479166666666666 0.04722222222222222
0 0.44427083333333334 0.6365740740740741 0.030208333333333334 0.03796296296296296
0 0.2721354166666667 0.5662037037037037 0.028645833333333332 0.04351851851851852
0 0.3458333333333333 0.575462962962963 0.027083333333333334 0.03981481481481482
0 0.3625 0.5356481481481481 0.014583333333333334 0.026851851851851852
0 0.30234375 0.5277777777777778 0.021354166666666667 0.03148148148148148
0 0.24348958333333334 0.5199074074074074 0.0203125 0.03611111111111111
0 0.41432291666666665 0.5347222222222222 0.0234375 0.03796296296296296
0 0.43828125 0.5375 0.015104166666666667 0.025
0 0.4513020833333333 0.5782407407407407 0.022395833333333334 0.03611111111111111
0 0.49192708333333335 0.4537037037037037 0.015104166666666667 0.022222222222222223
0 0.37161458333333336 0.4300925925925926 0.0109375 0.021296296296296296
0 0.39505208333333336 0.4638888888888889 0.009895833333333333 0.018518518518518517
0 0.3411458333333333 0.4675925925925926 0.007291666666666667 0.014814814814814815
0 0.32708333333333334 0.49675925925925923 0.011458333333333333 0.021296296296296296
0 0.44973958333333336 0.5037037037037037 0.018229166666666668 0.03518518518518519
0 0.6875 0.46111111111111114 0.015625 0.027777777777777776
0 0.721875 0.5115740740740741 0.013541666666666667 0.021296296296296296
0 0.7536458333333333 0.5069444444444444 0.014583333333333334 0.021296296296296296
0 0.584375 0.5416666666666666 0.017708333333333333 0.02962962962962963
0 0.54375 0.4824074074074074 0.013541666666666667 0.022222222222222223
0 0.5669270833333333 0.5074074074074074 0.0140625 0.020370370370370372