0 0.9466940059208224 0.7789971293112893 0.0758564908033345 0.12466729957327853
0 0.9388856214707573 0.5405065586438685 0.04635582613348437 0.0805562042577233
0 0.8721015631824492 0.5729076059362329 0.05219412020481305 0.0862302751726862
0 0.8173619776413087 0.5426204304169876 0.04667659255827132 0.07038179319612085
0 0.7652654237686155 0.6336349382558301 0.04877811379238182 0.07135081561637653
0 0.48875997667117305 0.750087617299631 0.04258267749471258 0.07399930391116463
0 0.36412290495330324 0.726221692528912 0.045114092558271326 0.07034947082537323
0 0.28303990395489487 0.7462948014475121 0.03873677725283275 0.06373869986090186
0 0.2510987637253707 0.7104631688473778 0.028010916272957924 0.04778247664851152
0 0.3069759117594432 0.6926452927128048 0.029161710344286242 0.05335958045123216
0 0.37765134004157325 0.6728196642855178 0.02964616787606573 0.05151850272296264
0 0.43577220462137256 0.6499576791144734 0.03243221355050186 0.06083163260013441
0 0.4657895649965479 0.6408603560600353 0.030724210344286244 0.05339190282197958
0 0.4876926765811222 0.6825004117688298 0.02856812540784522 0.049645102623945704
0 0.5497297038056824 0.5542067734634284 0.029755295280727505 0.0570740582785182
0 0.6322396252816723 0.5670201961005723 0.025406749606291138 0.047728606030599016
0 0.6081415747979128 0.5461596031071987 0.015631615789198368 0.02716430143574392
0 0.7730382290334258 0.4727500837399511 0.022190810102406526 0.043034331659474546
0 0.7351190886211837 0.5566534725699045 0.02527943430085268 0.04124712454911753
0 0.8047156447016841 0.4951557904141596 0.03433366787606573 0.0516154698352049
0 0.8140989089186638 0.45601403397216617 0.02001653726518834 0.03836160553551496
0 0.7357887220162951 0.4317181173113993 0.01940476442797016 0.033721201782302784
0 0.5763128698676494 0.5293040649267547 0.01832672195974965 0.03184780168328585
0 0.4879282785187771 0.5089647195227961 0.02312334936441142 0.03750032435108408
0 0.46300185985529385 0.5519499189239816 0.016673282455864916 0.027185849682908797
0 0.4424504389840032 0.565870805832534 0.016636906654310953 0.025333997831056942
0 0.4052505393468229 0.5803728467123727 0.025763891832631933 0.039406046820848015
0 0.34111280958252493 0.6017220405733297 0.01185846715042634 0.020607401089185056
0 0.339838837833766 0.6428826477827034 0.023644182697744754 0.03751109847466641
0 0.39115827933446734 0.6050711712520631 0.0225479523287472 0.034711772449723545
0 0.47107560625536943 0.5919155714689511 0.021542661463634497 0.036542076054410524
0 0.375261290556222 0.6306577122851408 0.019889221959749646 0.031880124054033475