0 0.3435502313503359 0.5685287708465686 0.04050464564324076 0.07118920376263924
0 0.7463524955023847 0.961848292429895 0.07306300797856503 0.07630341514020993
0 0.9000955268156602 0.9906822586698405 0.08536861201868054 0.01863548266031911
0 0.8789333610041439 0.8355530566045966 0.06166528729719924 0.09662016870593865
0 0.7980823158231601 0.7649177471532034 0.04897132681090284 0.08154677492514427
0 0.7363997156775466 0.7465167709408403 0.05271414038738413 0.08902960119762905
0 0.6896511312995026 0.6756612406581742 0.04673040058245377 0.06946664139377727
0 0.6224276991819101 0.7112976416294882 0.04521639070402775 0.07313802272673355
0 0.6199860979915859 0.624233669283495 0.03194098423243048 0.053424225192727
0 0.3589747741252548 0.5137701760850331 0.038324332066759344 0.06373869986090186
0 0.3514826502335071 0.4585375198858682 0.02659930306476852 0.04313129877171691
0 0.32159512848201405 0.4426456170638888 0.03724629780891201 0.06093937383595921
0 0.2644969868280558 0.4164712375933978 0.028731126519675954 0.04687809896975047
0 0.24042392492957196 0.4469833723035395 0.04205502311284726 0.07029560020746083
0 0.19964674008927102 0.374862855553183 0.02345005800398153 0.04121480217837011
0 0.15541249208391222 0.3966268531720657 0.04050464564324076 0.07118920376263924
0 0.14059839519951406 0.33892854442793113 0.029251959853009286 0.04688887309333301
0 0.44665552339718767 0.42995901600769876 0.02400725892849541 0.04400335407973044
0 0.3805270029122687 0.35037150981914733 0.018604965108865675 0.029080798029090714
0 0.37081972201041685 0.42422471435978043 0.02027656788240743 0.037446453733171466
0 0.6512893429575929 0.5096346612914137 0.021851190412800984 0.03840470202984492
0 0.68187997147191 0.5792302678170969 0.023425812943194537 0.039362950326518265
0 0.7193256378219332 0.5957413583939853 0.02183906788240743 0.03747877610391899
0 0.520990526119896 0.5398007266425802 0.024503847201041633 0.04216227635146113
0 0.4829021479222224 0.4543135416460014 0.01866557776083333 0.03371042765872034
0 0.29349350259562523 0.36430758485982173 0.020736788563773225 0.03282759822712428
0 0.3136302259049192 0.3513018497536127 0.015455720048078802 0.02716430143574392
0 0.35749560768045163 0.380905192776454 0.019089430851018583 0.026313794374895377
0 0.3762759140064354 0.38360787604023827 0.015431474987291693 0.025312449583892067
0 0.33302856354417837 0.3813247348940031 0.017042465108865677 0.029048475658343297
0 0.251033027924977 0.3226995271706909 0.01803564165395836 0.025366320201804574