0 0.5206720424817972 0.37299024580609 0.01519810037715601 0.028859923207886804
0 0.47220558271776275 0.4609178853824666 0.0261962027710202 0.047491566194951644
0 0.5060136030812352 0.7936862137133314 0.01939506824075477 0.03816227750278274
0 0.47568406496017357 0.8304108117420023 0.0188651445483418 0.03537911284555043
0 0.473574801982499 0.9178919576639112 0.01730567466803497 0.03628887813311255
0 0.4546628642058615 0.8876027439712261 0.01834128109531529 0.03444780004016997
0 0.4394605659030637 0.7582744709209218 0.020999989916459683 0.0511414011041093
0 0.4541245446621651 0.5746236203698996 0.020436734907421438 0.0381730512616918
0 0.4932114592466598 0.48798790585222923 0.009965526086277047 0.02139864700593345
0 0.5081752462284395 0.2923027117038971 0.015185979898383195 0.025156219504183102
0 0.5041373596487341 0.2529077648164086 0.013096586325663514 0.023282820134512914
0 0.5095865874976773 0.1793505224998433 0.015192040137769662 0.0270080713560349
0 0.5120365653138885 0.06733503298062461 0.011534086325663514 0.023266659496149082
0 0.4902297430069857 0.04627545071019857 0.016245827283209145 0.0307225488186478
0 0.4971774910884735 0.1514434596151554 0.013114767043822676 0.028838375690068415
0 0.4610293977697957 0.21542361678464067 0.02622953408764535 0.05767675138013683
0 0.4616227803488169 0.27283910451123 0.01887423490742144 0.03815689062332821
0 0.48524797414284665 0.2953064297486359 0.019364767043822676 0.02890301824352348
0 0.39726956248521816 0.28143308415784757 0.028318927660365152 0.05955015074980702
0 0.4375180070912102 0.07860174625565554 0.032497714805804635 0.06329694948914745
0 0.4647375221837888 0.11684752038998437 0.022011355386194253 0.041892915603759365
0 0.3883537516629931 0.7776539641417797 0.03250377504519098 0.06514880134099915
0 0.421010026871844 0.9053108458019608 0.0351321826694034 0.07258314314567964
0 0.39839147974106004 0.973134765540969 0.03871135336948619 0.05225048093149141