0 0.4490744481296909 0.2162524866061516 0.014997042463393721 0.026507807384814862
0 0.4478170316691271 0.33048580704971126 0.018288925046142525 0.031266744005308655
0 0.4517640520271927 0.39411608195687176 0.016759801562692307 0.0321280164358025
0 0.447691318632336 0.4349645785233326 0.015030418979943387 0.02743373331074079
0 0.43222740412513766 0.5104925820693615 0.014088881862926072 0.03016840875823037
0 0.4617926884151584 0.6280732378164807 0.017634585646610173 0.027541489136460852
0 0.4458103357019797 0.9199661917171598 0.02233527657807315 0.04252871327242802
0 0.4754481701150472 0.9561838973910898 0.01998493111234166 0.03503510120444465
0 0.47619285009536017 0.6686196309832915 0.015030418979943387 0.02743373331074079
0 0.4782819805186406 0.5890223281013779 0.023577202344038522 0.04812737115827177
0 0.4695996951488857 0.4331335036613573 0.017634585646610173 0.02754148913646096
0 0.4594686294481354 0.2957955244875713 0.01565138186292619 0.030233062253662662
0 0.46750037656884424 0.19561233958384702 0.019464097779008326 0.03501355003930045
0 0.471490866236003 0.265250357426954 0.020639270511874013 0.038760356073292236
0 0.4943222864002697 0.7067003511792791 0.025006196277839385 0.04448832094999994
0 0.5108706338716611 0.875207319939958 0.032731757659653124 0.056827074299053495
0 0.4913175061707881 0.407734420018559 0.020639270511874013 0.038760356073292236
0 0.5188685099237104 0.42970802966635724 0.026668825827488737 0.047330752223209906
0 0.5132471704718835 0.2177575843775301 0.03286526372585215 0.060530778002757246
0 0.4935995018518515 0.2578637270094231 0.026668825827488737 0.047330752223209906
0 0.5096498051618062 0.07229062085164534 0.03289864024240193 0.06145670392868317
0 0.4887703035683522 0.12492909023125441 0.027877375076904205 0.05200348418312762
0 0.4846660942321889 0.03680488061734495 0.025527029611172716 0.04450987211514406
0 0.49289939338009053 0.3494226378503696 0.032044041743570874 0.05217589350427987
0 0.5544485618463142 0.4092826201202255 0.03394030690906883 0.061499806258971314
0 0.5604402364833257 0.8995057458098756 0.03195710312538461 0.06419137937617292