0 0.5082441195304861 0.9732929726884176 0.03149967428849697 0.053414054623164654
0 0.46737770945896867 0.8728925240695442 0.03369213502649195 0.07330100713748935
0 0.4357457304255429 0.4145415486316821 0.03295304688383519 0.06215756198055239
0 0.45854333496471383 0.22452391830212573 0.030742398245063165 0.05554674431576819
0 0.4513516907132838 0.08350833817186659 0.02964616787606573 0.052704298446339
0 0.4727232155473184 0.04599364623056962 0.02041005529308298 0.032710175222857796
0 0.4784664435257906 0.13975467009278084 0.023141537265188344 0.03935332693346775
0 0.48318950063297217 0.24778671069227964 0.022748019237293703 0.04580247436912354
0 0.48770339688121883 0.34517060314363035 0.027435519237293704 0.04609348078155483
0 0.4923495647572845 0.3963228673903361 0.01992559776130361 0.03452969302888391
0 0.4702844215325354 0.42500892898951115 0.026430228372180883 0.047880664541755186
0 0.5279935912226996 0.5557511526618493 0.022099870598521677 0.039288658841816315
0 0.5404398572537777 0.5935157057299644 0.01505621875353403 0.02497942735719347
0 0.5285706477251817 0.6380938919776052 0.015092594555087994 0.026831279209045322
0 0.5160623835082022 0.6766212256609021 0.019386576527193354 0.03357143305713214
0 0.5118023102154972 0.843744974589022 0.023826061705514216 0.047718994312626564
0 0.5015749128840242 0.1906659040774098 0.017787700725639392 0.031622579067803365
0 0.5042047129740751 0.2583393317845666 0.014050927888421327 0.026766611117393938
0 0.5171957862950528 0.2841153488843832 0.013045637023308625 0.028553794877594404
0 0.521351699544513 0.20437843079587326 0.016188824924085545 0.029673725078474485
0 0.5307349748005292 0.31131258891891445 0.01193121875353403 0.024785423082239313
0 0.5350339241340516 0.4109951291621671 0.015056218753534268 0.02497942735719347
0 0.5157994666022722 0.4116506213184683 0.013009261221754661 0.026701943025742553
0 0.5558168313930619 0.46268678586650636 0.011967594555088112 0.026637274934091165
0 0.5757532046496453 0.8685230615130899 0.01890211899541375 0.035390950863158556
0 0.5529283072202723 0.9114963068724653 0.015128970356641958 0.028683131060897173
0 0.5362112144792828 0.9608599122773548 0.0226934555349627 0.043024696591345654
0 0.5573843318715889 0.9882172885845366 0.017285055293082982 0.0235654228309268
0 0.5328257536564698 0.3780277566543196 0.013045637023308505 0.028553794877594404