0 0.81875 0.8004629629629629 0.051041666666666666 0.0787037037037037
0 0.9546875 0.7925925925925926 0.071875 0.0962962962962963
0 0.9294270833333333 0.6300925925925925 0.0484375 0.075
0 0.83984375 0.5944444444444444 0.03697916666666667 0.05555555555555555
0 0.7817708333333333 0.5990740740740741 0.034375 0.05555555555555555
0 0.7395833333333334 0.5592592592592592 0.03333333333333333 0.04814814814814815
0 0.6846354166666667 0.6203703703703703 0.03697916666666667 0.05555555555555555
0 0.4401041666666667 0.6231481481481481 0.027083333333333334 0.04814814814814815
0 0.2677083333333333 0.5592592592592592 0.025 0.03888888888888889
0 0.3416666666666667 0.5638888888888889 0.026041666666666668 0.03888888888888889
0 0.40859375 0.5254629629629629 0.022395833333333334 0.03425925925925926
0 0.4479166666666667 0.5643518518518519 0.021875 0.041666666666666664
0 0.43385416666666665 0.524537037037037 0.017708333333333333 0.028703703703703703
0 0.35963541666666665 0.5231481481481481 0.0171875 0.03333333333333333
0 0.3265625 0.48564814814814816 0.015625 0.026851851851851852
0 0.2984375 0.5138888888888888 0.017708333333333333 0.03333333333333333
0 0.24869791666666666 0.5162037037037037 0.019270833333333334 0.03425925925925926
0 0.5119791666666667 0.475 0.020833333333333332 0.03148148148148148
0 0.5802083333333333 0.5189814814814815 0.020833333333333332 0.025
0 0.6713541666666667 0.549537037037037 0.022916666666666665 0.03796296296296296
0 0.7114583333333333 0.4898148148148148 0.017708333333333333 0.025925925925925925
0 0.7338541666666667 0.5138888888888888 0.01875 0.03518518518518519
0 0.7481770833333333 0.48842592592592593 0.0203125 0.032407407407407406
0 0.5645833333333333 0.4912037037037037 0.014583333333333334 0.030555555555555555
0 0.4434895833333333 0.48935185185185187 0.0140625 0.023148148148148147
0 0.37526041666666665 0.4689814814814815 0.018229166666666668 0.023148148148148147
0 0.33489583333333334 0.4550925925925926 0.011458333333333333 0.01574074074074074
0 0.39140625 0.4550925925925926 0.011979166666666667 0.023148148148148147
0 0.42578125 0.4583333333333333 0.0109375 0.018518518518518517
0 0.44375 0.45231481481481484 0.011458333333333333 0.021296296296296296
0 0.46510416666666665 0.425 0.011458333333333333 0.024074074074074074
0 0.5416666666666666 0.46944444444444444 0.011458333333333333 0.020370370370370372
0 0.68515625 0.44212962962962965 0.018229166666666668 0.023148148148148147