0 0.5692792767673115 0.40046296296296297 0.02620226301040655 0.049074074074074076
0 0.5563551075929575 0.987037037037037 0.029251510018076486 0.025925925925925925
0 0.5340363686848519 0.9310185185185185 0.0262355943270317 0.05925925925925926
0 0.5699070324246522 0.8310185185185185 0.02780718468611146 0.062037037037037036
0 0.5384846152733428 0.2212962962962963 0.026735216822512817 0.05277777777777778
0 0.5364888081572144 0.08888888888888889 0.026220443728565832 0.05462962962962963
0 0.5142291565831264 0.05092592592592592 0.020960598360448064 0.03888888888888889
0 0.5140143653388068 0.14444444444444443 0.02093635740290232 0.03148148148148148
0 0.517222867257319 0.24953703703703703 0.021478401574088105 0.03796296296296296
0 0.5172503119615068 0.3375 0.02461552205286092 0.041666666666666664
0 0.5406788952293763 0.41435185185185186 0.020442795146807906 0.03981481481481482
0 0.5168961352112998 0.38842592592592595 0.014159463830182517 0.02962962962962963
0 0.48897887203723356 0.5314814814814814 0.0162670381210616 0.037037037037037035
0 0.5112447574776571 0.6509259259259259 0.016763630496849185 0.02962962962962963
0 0.5260752191929358 0.8060185185185185 0.019416279078607344 0.044444444444444446
0 0.5066608024280732 0.9212962962962963 0.016245827283209145 0.030555555555555555
0 0.4911176156597898 0.9462962962962963 0.014671206804436327 0.026851851851851852
0 0.49140815989643943 0.8759259259259259 0.015204160616542476 0.030555555555555555
0 0.4660022974844989 0.8314814814814815 0.015712873471102996 0.026851851851851852
0 0.49628131774977546 0.6143518518518518 0.011528026086277047 0.021296296296296296
0 0.4839053790302479 0.5726851851851852 0.008387875487811058 0.016666666666666666
0 0.4971544655195711 0.40370370370370373 0.014668176684743154 0.025925925925925925
0 0.48738100477991453 0.28194444444444444 0.016239767043822677 0.028703703703703703
0 0.4795956022302043 0.21064814814814814 0.013623479898383313 0.025
0 0.49491927894767945 0.19814814814814816 0.013093556205970221 0.022222222222222223
0 0.4984940780951714 0.25601851851851853 0.018338250975622118 0.03333333333333333
0 0.47783497664419744 0.30925925925925923 0.014662116445356688 0.024074074074074074
0 0.46006487311105154 0.449537037037037 0.01468029716351585 0.02962962962962963
0 0.47631961712639115 0.40324074074074073 0.010480299180224032 0.019444444444444445
0 0.478816214543949 0.37037037037037035 0.01205794977869002 0.024074074074074074