0 0.43203125 0.6240546077388487 0.023958333333333335 0.0461138268395353
0 0.43046875 0.02909871403997392 0.0265625 0.025824266954943605
0 0.45286458333333335 0.0932196101435974 0.021875 0.05345658585831959
0 0.4231770833333333 0.19090948171683036 0.029166666666666667 0.052756929292574264
0 0.46380208333333334 0.21068864381349794 0.017708333333333333 0.02832728908107356
0 0.4973958333333333 0.1297866546355998 0.013541666666666667 0.022642436748271922
0 0.48072916666666665 0.09547317123031929 0.019270833333333334 0.028375775372540792
0 0.49609375 0.072338841985303 0.011979166666666667 0.019816172679026856
0 0.48151041666666666 0.3709603773390159 0.013020833333333334 0.0281818302066717
0 0.5002604166666667 0.40256073135514164 0.0109375 0.020709774410641275
0 0.4625 0.6115741644965343 0.019270833333333334 0.031153553150318623
0 0.4859375 0.6322088662759509 0.015625 0.025484862914672873
0 0.46979166666666666 0.8016152486715299 0.021875 0.0395676969694307
0 0.4875 0.7720721673822329 0.01875 0.02928553920131094
0 0.47421875 0.9304563302010576 0.021875 0.03771584511757864
0 0.4986979166666667 0.9687159487673781 0.016666666666666666 0.02459126118305819
0 0.4953125 0.877870154395125 0.019791666666666666 0.031169715247474247
0 0.5109375 0.8251142765690569 0.013541666666666667 0.0235683626741979
0 0.5278645833333333 0.8080469521340264 0.010416666666666666 0.01791583453570756
0 0.5278645833333333 0.7075839891710635 0.0109375 0.017931996632863604
0 0.51796875 0.7350546871028818 0.011979166666666667 0.020742098604952835
0 0.52265625 0.6426075533846911 0.010416666666666666 0.018841760461633696
0 0.5260416666666666 0.6144718662754627 0.007291666666666667 0.013189232323143566
0 0.50546875 0.6133705004748473 0.0140625 0.022658598845427806
0 0.5424479166666667 0.5992402315951284 0.009895833333333333 0.016973746512626012
0 0.5130208333333334 0.4427715175502725 0.0125 0.017054556998404857
0 0.5161458333333333 0.4965721938369108 0.011458333333333333 0.019800010581871075
0 0.5231770833333333 0.1829014932596246 0.0125 0.02353603847988634