0 0.6288224356024159 0.9762137111711136 0.03590759036777295 0.04757257765777299
0 0.5975841628753429 0.9249020281700391 0.0340879012442926 0.07857612019191215
0 0.6190358315717027 0.8033888066222385 0.03824547673130922 0.0778657278084937
0 0.5635531236459558 0.34843370591170664 0.037661005140425155 0.07135730463419876
0 0.4822312559523025 0.045304907069209706 0.029045845237938295 0.042222533845479984
0 0.5024598906920843 0.17036235293097435 0.037140171807091824 0.0713303629413853
0 0.46810248160147483 0.09084683596672967 0.02708978841970667 0.05507773003718918
0 0.48514702367353096 0.20972411315309517 0.02920948647164039 0.05888920051214665
0 0.49933284604871725 0.3025407559494675 0.030223879599356705 0.05616530611999569
0 0.5026883530831567 0.35268893525994144 0.02334395211022198 0.04470395300231
0 0.529437222265984 0.3730444430749084 0.027610621753039886 0.05510467173000266
0 0.5103961693703615 0.527998764727296 0.025445467802855504 0.046663571625415484
0 0.5385477163125831 0.6381960290498911 0.021260618776888642 0.04459618623105615
0 0.5697398065446768 0.7929724462809981 0.026505316828822362 0.04856930686289426
0 0.5445027092770452 0.8735698060847705 0.021196980519337907 0.038114704749574665
0 0.5680979868742837 0.9173613040075612 0.024960999188122675 0.050340333636305724
0 0.5554135271880045 0.9509470209464845 0.018583722673020966 0.037054070359581436
0 0.5137294047587664 0.8409751985366657 0.019643571698987946 0.03895980559706021
0 0.5153219495378125 0.6055291130846183 0.015943191287753913 0.03321565819181063
0 0.484987792882835 0.37907426167269254 0.02231137662320535 0.045575995542609
0 0.45708375243453353 0.16153694417472353 0.01860190503232128 0.03890592221143339
0 0.4680868001886325 0.22179800025321456 0.018035615800737405 0.034249350888990296
0 0.45749021942551177 0.2559544469263545 0.014910615800737404 0.034087700732109635
0 0.43984493289981946 0.1819306937617696 0.017496600108103878 0.032370557344324986
0 0.451001212661332 0.28430790862348354 0.013778037337569533 0.024774558087223557
0 0.46283096631368154 0.3492390068708244 0.017487508928453722 0.03144463141839916
0 0.46292510565336925 0.3853366471355288 0.014837886363536511 0.026680293324702224
0 0.45740240002537835 0.45908742089584154 0.01801743344143721 0.03239749903713855
0 0.4959251577360161 0.565193889445076 0.015376902056170157 0.02855908686936754