0 0.8166666666666667 0.9821694058083781 0.06770833333333333 0.03566118838324386
0 0.9518229166666666 0.8928867650427491 0.040625 0.08122575927810763
0 0.8765625 0.8284922731987143 0.04375 0.0851234672567656
0 0.8083333333333333 0.7955528094918449 0.040625 0.07567020372255229
0 0.77109375 0.7381483326227153 0.0421875 0.0683597984526218
0 0.7041666666666667 0.7687156299563359 0.04114583333333333 0.07199883406467422
0 0.6973958333333333 0.6844989910643057 0.0296875 0.051843040612064434
0 0.7692708333333333 0.6861833116104735 0.025 0.04784833049592955
0 0.7888020833333333 0.6600810235141222 0.0171875 0.03254850499372929
0 0.7471354166666667 0.6385128183665854 0.022395833333333334 0.03842740100754167
0 0.72890625 0.5846033489849083 0.021354166666666667 0.040214584767742236
0 0.66328125 0.5518255555071674 0.016145833333333335 0.02970605912430023
0 0.6122395833333333 0.6106938560532866 0.026041666666666668 0.04883892451350676
0 0.5947916666666667 0.5684069618144221 0.015625 0.02782187322662274
0 0.5734375 0.5365257103800132 0.021875 0.03654321510986418
0 0.55234375 0.5477161815240726 0.027083333333333334 0.045199888901454544
0 0.51171875 0.4544533852089279 0.01875 0.0317195812052805
0 0.47369791666666666 0.4678337406043931 0.0125 0.022998239322038847
0 0.45390625 0.4596606024185724 0.016666666666666666 0.02510876354049624
0 0.4197916666666667 0.439024203898471 0.016145833333333335 0.0250764294946706
0 0.3611979166666667 0.4117755126319695 0.015104166666666667 0.028715465106722814
0 0.3484375 0.4401499951759067 0.017708333333333333 0.03443269089140689
0 0.39947916666666666 0.4493372501853431 0.0171875 0.030696653141877438
0 0.46901041666666665 0.504116808266036 0.01875 0.03264550713120642
0 0.46380208333333334 0.5889786529929643 0.0265625 0.050723110411184456
0 0.4557291666666667 0.5319959938011845 0.021354166666666667 0.03743680698996446
0 0.42734375 0.5172708253407213 0.03177083333333333 0.060305710128700535
0 0.37421875 0.49915793785168583 0.021875 0.043024696591345654
0 0.3098958333333333 0.45534986837739805 0.021354166666666667 0.040214584767742236
0 0.25833333333333336 0.4308525015443582 0.024479166666666666 0.042260440894548355
0 0.2716145833333333 0.4802881308240245 0.030208333333333334 0.0565050042875197
0 0.3497395833333333 0.5249530525126931 0.03333333333333333 0.05762493448839989
0 0.4471354166666667 0.6416476672302458 0.030729166666666665 0.05283363462964185