0 0.76171875 0.9407666967199242 0.06614583333333333 0.10945999374618846
0 0.9098958333333333 0.9634064595907005 0.09166666666666666 0.07318708081859902
0 0.90546875 0.810042250349728 0.06354166666666666 0.10474955363078009
0 0.8135416666666667 0.7289488994609962 0.04791666666666667 0.07741283886425558
0 0.75 0.7061437902746605 0.0453125 0.0764061024525509
0 0.7098958333333333 0.6428622717566301 0.042708333333333334 0.06799195863343863
0 0.6419270833333334 0.6828827477074334 0.04791666666666667 0.07741283886425558
0 0.3768229166666667 0.5691006846995976 0.036458333333333336 0.06594616161571783
0 0.19921875 0.4172931132731882 0.0328125 0.053795989898590496
0 0.2786458333333333 0.45772079605240407 0.033854166666666664 0.053828314092902056
0 0.35625 0.44809191149157485 0.029166666666666667 0.048127299662944635
0 0.39348958333333334 0.5094326866233967 0.029166666666666667 0.055534707070352046
0 0.38385416666666666 0.4595966507889781 0.0234375 0.03961618326089798
0 0.30364583333333334 0.4228484285677323 0.022916666666666665 0.04422965079337178
0 0.27317708333333335 0.36634739032856495 0.020833333333333332 0.03675759499734136
0 0.23880208333333333 0.3828732845088776 0.023958333333333335 0.04518790091360927
0 0.18463541666666666 0.36221094492319733 0.025520833333333333 0.04616231313100248
0 0.4752604166666667 0.443451617358332 0.0265625 0.04434278547346219
0 0.54296875 0.5233304677663582 0.026041666666666668 0.03691921596889895
0 0.6375 0.5998749995112392 0.030208333333333334 0.05278925348688593
0 0.6890625 0.5547157878703999 0.022916666666666665 0.036822243385964376
0 0.71015625 0.5910185009533562 0.025 0.04707207695977247
0 0.7291666666666666 0.570775084166208 0.027083333333333334 0.04528487349654395
0 0.5302083333333333 0.48589745934900513 0.019791666666666666 0.03950304858080758
0 0.39921875 0.4262771363587767 0.01875 0.032063316979088714
0 0.328125 0.371756195282201 0.022916666666666665 0.0340444656081866
0 0.2864583333333333 0.3371298941764071 0.014583333333333334 0.02267476094258343
0 0.34765625 0.3640289405922086 0.016666666666666666 0.031072742664539778
0 0.3846354166666667 0.3841579309717488 0.014583333333333334 0.02545253872036121
0 0.4046875 0.3866320235640973 0.015104166666666667 0.02917240452122064
0 0.4315104166666667 0.36709400119724833 0.015625 0.031966344396154145
0 0.5083333333333333 0.45188531793513 0.015104166666666667 0.027320552669368788
0 0.6674479166666667 0.49061913491251 0.022916666666666665 0.0340444656081866